filePaths,practFiles,StimulusCode,stim1,stim2,stim3,stim4,stim5,stim1Start,stim1End,stim2Start,stim2End,stim3Start,stim3End,stim4Start,stim4End,stim5Start,stim5End,audFile,audStart,similCat,rhythm_i2,stim1_i2,stim2_i2,stim3_i2,stim4_i2,stim5_i2,stim1Start_i2,stim1End_i2,stim2Start_i2,stim2End_i2,stim3Start_i2,stim3End_i2,stim4Start_i2,stim4End_i2,stim5Start_i2,stim5End_i2,audFile_i2,audStart_i2,similCatp,setVol,corrMatchAnswer,whatCondIs,trialTypeName,rhythm,stim6,stim6Start,stim6End,stim6_i2,stim6Start_i2,stim6End_i2,similCat_i2,condFilePath,sensoryCond,stimStart,overarchingRhythmOrder.thisRepN,overarchingRhythmOrder.thisTrialN,overarchingRhythmOrder.thisN,overarchingRhythmOrder.thisIndex,rhythmPractTrials.thisRepN,rhythmPractTrials.thisTrialN,rhythmPractTrials.thisN,rhythmPractTrials.thisIndex,AudVisRhythmLoop.thisRepN,AudVisRhythmLoop.thisTrialN,AudVisRhythmLoop.thisN,AudVisRhythmLoop.thisIndex,pickingSRTCond.thisRepN,pickingSRTCond.thisTrialN,pickingSRTCond.thisN,pickingSRTCond.thisIndex,srtTrials.thisRepN,srtTrials.thisTrialN,srtTrials.thisN,srtTrials.thisIndex,text_3.started,text_3.stopped,goToNext.keys,goToNext.rt,goToNext.started,goToNext.stopped,variableInstructions_2.started,variableInstructions_2.stopped,goToBlockKey_2.keys,goToBlockKey_2.rt,goToBlockKey_2.started,goToBlockKey_2.stopped,text_9.started,text_9.stopped,preFix_2.started,preFix_2.stopped,text_10.started,text_10.stopped,text_11.started,text_11.stopped,holdFix_2.started,holdFix_2.stopped,cir1_2.started,cir1_2.stopped,cir2_2.started,cir2_2.stopped,cir3_2.started,cir3_2.stopped,cir4_2.started,cir4_2.stopped,cir5_2.started,cir5_2.stopped,audioTrialSound_2.started,audioTrialSound_2.stopped,text.started,text.stopped,holdFix_i2_2.started,holdFix_i2_2.stopped,cir1_i2_2.started,cir1_i2_2.stopped,cir2_i2_2.started,cir2_i2_2.stopped,cir3_i2_2.started,cir3_i2_2.stopped,cir4_i2_2.started,cir4_i2_2.stopped,cir5_i2_2.started,cir5_i2_2.stopped,audioTrialSound_i2_2.started,audioTrialSound_i2_2.stopped,rhythmChoice.keys,rhythmChoice.rt,rhythmChoice.started,rhythmChoice.stopped,promptTxt.started,promptTxt.stopped,text_5.started,text_5.stopped,variableInstructions.started,variableInstructions.stopped,goToBlockKey.keys,goToBlockKey.rt,goToBlockKey.started,goToBlockKey.stopped,text_2.started,text_2.stopped,preFix.started,preFix.stopped,holdFix.started,holdFix.stopped,cir1.started,cir1.stopped,cir2.started,cir2.stopped,cir3.started,cir3.stopped,cir4.started,cir4.stopped,cir5.started,cir5.stopped,cir6.started,cir6.stopped,audioTrialSound.started,audioTrialSound.stopped,holdFix_i2.started,holdFix_i2.stopped,cir1_i2.started,cir1_i2.stopped,cir2_i2.started,cir2_i2.stopped,cir3_i2.started,cir3_i2.stopped,cir4_i2.started,cir4_i2.stopped,cir5_i2.started,cir5_i2.stopped,cir6_i2.started,cir6_i2.stopped,audioTrialSound_i2.started,audioTrialSound_i2.stopped,breatheBro.started,breatheBro.stopped,image.started,image.stopped,keyToGo.keys,keyToGo.rt,keyToGo.started,keyToGo.stopped,spaceTxt.started,spaceTxt.stopped,mainInstrText.started,mainInstrText.stopped,MoveToMainTask.keys,MoveToMainTask.rt,MoveToMainTask.started,MoveToMainTask.stopped,whichBlkTxt.started,whichBlkTxt.stopped,LetsGoGirls.keys,LetsGoGirls.rt,LetsGoGirls.started,LetsGoGirls.stopped,fixCross.started,fixCross.stopped,gratingStim.started,gratingStim.stopped,beepStim.started,beepStim.stopped,yesHitIt.keys,yesHitIt.rt,yesHitIt.started,yesHitIt.stopped,catchEarly.keys,catchEarly.started,catchEarly.stopped,text_4.started,text_4.stopped,feedbackIfNeeded.started,feedbackIfNeeded.stopped,annoyingBeep.started,annoyingBeep.stopped,catchEarly.rt,wordListTime,wordRecallInstr.started,wordRecallInstr.stopped,keytoWords.keys,keytoWords.rt,keytoWords.started,keytoWords.stopped,textForWords.text,textForWords.started,textForWords.stopped,wordText.started,wordText.stopped,wordTestTiming.keys,wordTestTiming.rt,wordTestTiming.started,wordTestTiming.stopped,byebyeText.started,byebyeText.stopped,pressToEnd.keys,pressToEnd.rt,pressToEnd.started,pressToEnd.stopped,participant,session,date,expName,psychopyVersion,frameRate,
,,,,,,,,,,,,,,,,,,,,,,,,,,,,,,,,,,,,,,,,,,,,,,,,,,,,,,,,,,,,,,,,,,,,,,,,,,,13.033754910808057,None,space,13.247427174821496,13.21214785380289,None,,,,,,,,,,,,,,,,,,,,,,,,,,,,,,,,,,,,,,,,,,,,,,,,,,,,,,,,,,,,,,,,,,,,,,,,,,,,,,,,,,,,,,,,,,,,,,,,,,,,,,,,,,,,,,,,,,,,,,,,,,,,,,,,,,,,,,,,,,,,,,,,,,,,,,,,,,,,,,,162,1,2024_Feb_07_1325,Cognition2_FullCode1,2021.2.3,99.98276968329682,
/Users/shamslab/Desktop/Cognition2_FullExperimentFile/162_VisualBlock1.csv,/Users/shamslab/Desktop/Cognition2_FullExperimentFile/fullGoodSeqs_rhythm_shortVis_PracticeVideo.csv,P1,2,1,2,1,1,11,41,56,61,76,106,121,126,141,146,1_practAudFile.wav,1,pc1,P1,2,1,2,1,1,11,41,56,61,76,106,121,126,141,146,1_practAudFile.wav,1,pc1,0,1,SAME,SAME,,,,,,,,,,,,0,0,0,0,0,0,0,0,,,,,,,,,,,,,,,,,,,26.605935770086944,None,space,7.657644158229232,26.705931971780956,None,38.489138572942466,None,38.68929265299812,None,34.48813776578754,38.489138572942466,34.48813776578754,38.489138572942466,39.68948427494615,None,39.79971469193697,40.099609344732016,40.24975178204477,40.29978217789903,40.44984985794872,40.74981249216944,40.89995270315558,40.94992976915091,41.10008047707379,41.14993641199544,39.69953815634362,None,41.55009206198156,None,42.86055856384337,None,42.970546938013285,43.27061825292185,43.42059703078121,43.470660116989166,43.62086371704936,43.920776813756675,44.07094204472378,44.12098262086511,44.27092118607834,44.32092842599377,42.87061244524084,None,1,2.254340297076851,45.22122940188274,None,45.22122940188274,None,47.591955340933055,None,,,,,,,,,,,,,,,,,,,,,,,,,,,,,,,,,,,,,,,,,,,,,,,,,,,,,,,,,,,,,,,,,,,,,,,,,,,,,,,,,,,,,,,,,,,,,,,,,,,,,,,,,,,162,1,2024_Feb_07_1325,Cognition2_FullCode1,2021.2.3,99.98276968329682,
/Users/shamslab/Desktop/Cognition2_FullExperimentFile/162_VisualBlock1.csv,/Users/shamslab/Desktop/Cognition2_FullExperimentFile/fullGoodSeqs_rhythm_shortVis_PracticeVideo.csv,P2,2,1,1,2,1,11,41,56,61,76,81,96,126,141,146,2_practAudFile.wav,1,pc1,P1,2,1,2,1,1,11,41,56,61,76,106,121,126,141,146,1_practAudFile.wav,1,pc1,0,2,DIFFERENT,DIFFERENT,,,,,,,,,,,,0,0,0,0,0,1,1,1,,,,,,,,,,,,,,,,,,,,,,,,,53.19345266185701,None,53.393446126021445,None,49.192257503047585,53.19345266185701,49.192257503047585,53.19345266185701,54.40383233502507,None,54.51378563512117,54.81392543204129,54.963919402100146,55.01387597993016,55.163997278083116,55.21393604017794,55.364100669976324,55.664011247921735,55.81430702796206,55.8640321707353,54.41388621642254,None,56.26436995808035,None,57.57462880201638,None,57.684843476861715,57.98476481810212,58.13486764207482,58.18504875106737,58.33494537090883,58.635008179116994,58.784993031062186,58.83496480388567,58.98513409914449,59.034985423088074,57.584682683413845,None,2,1.1002978212200105,59.935314608737826,None,59.935314608737826,None,61.13568618008867,None,,,,,,,,,,,,,,,,,,,,,,,,,,,,,,,,,,,,,,,,,,,,,,,,,,,,,,,,,,,,,,,,,,,,,,,,,,,,,,,,,,,,,,,,,,,,,,,,,,,,,,,,,,,162,1,2024_Feb_07_1325,Cognition2_FullCode1,2021.2.3,99.98276968329682,
/Users/shamslab/Desktop/Cognition2_FullExperimentFile/162_VisualBlock1.csv,/Users/shamslab/Desktop/Cognition2_FullExperimentFile/fullGoodSeqs_rhythm_shortVis_PracticeVideo.csv,P3,1,2,1,2,1,11,16,31,61,76,81,96,126,141,146,3_practAudFile.wav,1,pc2,P3,1,2,1,2,1,11,16,31,61,76,81,96,126,141,146,3_practAudFile.wav,1,pc2,0,1,SAME,SAME,,,,,,,,,,,,0,0,0,0,0,2,2,2,,,,,,,,,,,,,,,,,,,,,,,,,66.72721336875111,None,66.927385115996,None,62.72622420080006,66.72721336875111,62.72622420080006,66.72721336875111,67.93773752776906,None,68.04769101692364,68.09769920585677,68.24772977875546,68.54786447715014,68.69802974909544,68.74781088484451,68.89789911406115,69.19799852091819,69.34826652007177,69.39805847080424,67.94779140916653,None,69.79815331706777,None,71.09888037806377,None,71.20851694513112,71.25867440877482,71.40868881577626,71.70879681501538,71.8586887200363,71.90879840776324,72.05881099309772,72.35902691399679,72.50894779805094,72.55893770372495,71.10893425946124,None,1,1.120401170104742,73.45920854294673,None,73.45920854294673,None,74.67958055296913,None,,,,,,,,,,,,,,,,,,,,,,,,,,,,,,,,,,,,,,,,,,,,,,,,,,,,,,,,,,,,,,,,,,,,,,,,,,,,,,,,,,,,,,,,,,,,,,,,,,,,,,,,,,,162,1,2024_Feb_07_1325,Cognition2_FullCode1,2021.2.3,99.98276968329682,
/Users/shamslab/Desktop/Cognition2_FullExperimentFile/162_VisualBlock1.csv,/Users/shamslab/Desktop/Cognition2_FullExperimentFile/fullGoodSeqs_rhythm_shortVis_PracticeVideo.csv,P3,1,2,1,2,1,11,16,31,61,76,81,96,126,141,146,3_practAudFile.wav,1,pc2,P4,1,2,1,1,2,11,16,31,61,76,81,96,101,116,146,4_practAudFile.wav,1,pc2,0,2,DIFFERENT,DIFFERENT,,,,,,,,,,,,0,0,0,0,0,3,3,3,,,,,,,,,,,,,,,,,,,,,,,,,80.27117638709024,None,80.47135514672846,None,76.2700565289706,80.27117638709024,76.2700565289706,80.27117638709024,81.48154077492654,None,81.59159356215969,81.6415302818641,81.79159761592746,82.09165123291314,82.24186210613698,82.29175640409812,82.44190820585936,82.74188405415043,82.89207690674812,82.94191035302356,81.49159465632401,None,83.34210383007303,None,84.65247614309192,None,84.76242493605241,84.81246001087129,84.96257731085643,85.26252554217353,85.4126987727359,85.46263230079785,85.61275449674577,85.66261985199526,85.81276792986318,86.11285919183865,84.66253002448939,None,2,0.6784843909554183,87.01315037393942,None,87.01315037393942,None,87.7934494651854,None,,,,,,,,,,,,,,,,,,,,,,,,,,,,,,,,,,,,,,,,,,,,,,,,,,,,,,,,,,,,,,,,,,,,,,,,,,,,,,,,,,,,,,,,,,,,,,,,,,,,,,,,,,,162,1,2024_Feb_07_1325,Cognition2_FullCode1,2021.2.3,99.98276968329682,
/Users/shamslab/Desktop/Cognition2_FullExperimentFile/162_VisualBlock1.csv,/Users/shamslab/Desktop/Cognition2_FullExperimentFile/fullGoodSeqs_rhythm_shortVis_PracticeVideo.csv,,2,1,1,2,2,11,41,53,58,70,75,87,117,129,159,3_audFile.wav,10,6,21,2,1,1,2,2,11,41,53,58,70,75,87,117,129,159,3_audFile.wav,10,,0,1,,,21,1,171,176,1,171,176,6,,,,0,0,0,0,,,,,0,0,0,12,,,,,,,,,,,,,,,,,,,,,,,,,,,,,,,,,,,,,,,,,,,115.93135299813002,None,,,,,,,,,,,,,,,1,0.553170443046838,119.60251318709925,None,119.60251318709925,None,,,89.39375119004399,None,space,23.341690971981734,89.49388389103115,None,112.89045145874843,None,113.0704345679842,None,114.07080655684695,None,114.18084867298603,114.48083669506013,114.60089835477993,114.6509990170598,114.77105559501797,114.82100084377453,114.94107788614929,115.24123664479703,115.36128779500723,115.66121180681512,115.78134610084817,115.8313218858093,114.1708863754291,None,117.24157282803208,None,117.35170670505613,117.65197562193498,117.77189908083528,117.82180937612429,117.94183361111209,117.99193692486733,118.11193073308095,118.41202174173668,118.53198735183105,118.83226322289556,118.9522894169204,119.00218898011371,117.341723072296,None,,,,,,,,,,,,,,,,,,,,,,,,,,,,,,,,,,,,,,,,,,,,,,,,,,,,,,,,,,,,,,,,,162,1,2024_Feb_07_1325,Cognition2_FullCode1,2021.2.3,99.98276968329682,
/Users/shamslab/Desktop/Cognition2_FullExperimentFile/162_VisualBlock1.csv,/Users/shamslab/Desktop/Cognition2_FullExperimentFile/fullGoodSeqs_rhythm_shortVis_PracticeVideo.csv,,1,2,1,2,1,11,16,28,58,70,75,87,117,129,134,3_audFile.wav,10,5,28,1,2,1,1,2,11,16,28,58,70,75,87,92,104,134,3_audFile.wav,10,,0,2,,,26,2,146,176,2,146,176,5,,,,0,0,0,0,,,,,0,1,1,20,,,,,,,,,,,,,,,,,,,,,,,,,,,,,,,,,,,,,,,,,,,123.2535619949922,None,,,,,,,,,,,,,,,2,0.5590682798065245,126.92451219307259,None,126.92451219307259,None,,,,,,,,,120.18252648599446,None,120.36269131116569,121.36286897491664,121.39293045178056,None,121.50293045211583,121.5529643050395,121.67305186297745,121.97306573111564,122.09311751415953,122.14319364307448,122.26312507875264,122.56311999401078,122.68338280590251,122.73328952398151,122.85336298309267,123.15337124373764,121.49307511416264,None,124.56382919102907,None,124.67389923986048,124.72381801018491,124.84389813896269,125.14396545989439,125.26405181083828,125.31392804114148,125.43404245190322,125.48405401175842,125.60407603206113,125.90420350898057,126.024282888975,126.32440775400028,124.6638061734382,None,,,,,,,,,,,,,,,,,,,,,,,,,,,,,,,,,,,,,,,,,,,,,,,,,,,,,,,,,,,,,,,,,162,1,2024_Feb_07_1325,Cognition2_FullCode1,2021.2.3,99.98276968329682,
/Users/shamslab/Desktop/Cognition2_FullExperimentFile/162_VisualBlock1.csv,/Users/shamslab/Desktop/Cognition2_FullExperimentFile/fullGoodSeqs_rhythm_shortVis_PracticeVideo.csv,,2,1,1,2,2,11,41,53,58,70,75,87,117,129,159,3_audFile.wav,10,6,23,2,1,2,1,1,11,41,53,58,70,100,112,117,129,134,3_audFile.wav,10,,0,2,,,21,1,171,176,2,146,176,6,,,,0,0,0,0,,,,,0,2,2,28,,,,,,,,,,,,,,,,,,,,,,,,,,,,,,,,,,,,,,,,,,,130.5755390129052,None,,,,,,,,,,,,,,,1,0.7008680109865963,134.2466987017542,None,134.2466987017542,None,,,,,,,,,127.504610364791,None,127.68466527108103,128.68493074784055,128.71487581403926,None,128.8250084980391,129.12513430183753,129.245110983029,129.29526912374422,129.41518405918032,129.46519407304004,129.58525535976514,129.88528397399932,130.00532171409577,130.3054038421251,130.42558526899666,130.47547773085535,128.81502556423658,None,131.88589662406594,None,131.99597157910466,132.2961612981744,132.4161453107372,132.46602695295587,132.58609813079238,132.886173422914,133.00624974817038,133.05615109298378,133.1762289418839,133.22638144996017,133.34649513289332,133.64632111787796,131.98592010927388,None,,,,,,,,,,,,,,,,,,,,,,,,,,,,,,,,,,,,,,,,,,,,,,,,,,,,,,,,,,,,,,,,,162,1,2024_Feb_07_1325,Cognition2_FullCode1,2021.2.3,99.98276968329682,
/Users/shamslab/Desktop/Cognition2_FullExperimentFile/162_VisualBlock1.csv,/Users/shamslab/Desktop/Cognition2_FullExperimentFile/fullGoodSeqs_rhythm_shortVis_PracticeVideo.csv,,2,2,1,2,1,11,41,53,83,95,100,112,142,154,159,3_audFile.wav,10,7,18,2,2,1,1,2,11,41,53,83,95,100,112,117,129,159,3_audFile.wav,10,,0,2,,,16,1,171,176,1,171,176,7,,,,0,0,0,0,,,,,0,3,3,23,,,,,,,,,,,,,,,,,,,,,,,,,,,,,,,,,,,,,,,,,,,138.0376542559825,None,,,,,,,,,,,,,,,1,0.5027583600021899,141.7088773851283,None,141.7088773851283,None,,,,,,,,,134.9667563168332,None,135.15681647276506,136.15702693909407,136.17704610107467,None,136.28722443711013,136.5872847698629,136.70725206984207,137.00728711578995,137.1274296687916,137.17738654883578,137.2974029900506,137.5975804408081,137.717648005113,137.76751240110025,137.88762224605307,137.9376541520469,136.27716135322117,None,139.34814586117864,None,139.45805233111605,139.75804951693863,139.87807260872796,140.17825810983777,140.29827145906165,140.3483206271194,140.4683358198963,140.51837976882234,140.63853956013918,140.93854953395203,141.05854773009196,141.10840456886217,139.44801539923066,None,,,,,,,,,,,,,,,,,,,,,,,,,,,,,,,,,,,,,,,,,,,,,,,,,,,,,,,,,,,,,,,,,162,1,2024_Feb_07_1325,Cognition2_FullCode1,2021.2.3,99.98276968329682,
/Users/shamslab/Desktop/Cognition2_FullExperimentFile/162_VisualBlock1.csv,/Users/shamslab/Desktop/Cognition2_FullExperimentFile/fullGoodSeqs_rhythm_shortVis_PracticeVideo.csv,,1,1,2,1,2,11,16,28,33,45,75,87,92,104,134,3_audFile.wav,10,4,29,1,1,2,1,2,11,16,28,33,45,75,87,92,104,134,3_audFile.wav,10,,0,1,,,29,2,146,176,2,146,176,4,,,,0,0,0,0,,,,,0,4,4,7,,,,,,,,,,,,,,,,,,,,,,,,,,,,,,,,,,,,,,,,,,,145.30977944796905,None,,,,,,,,,,,,,,,1,0.5027431878261268,148.98088901583105,None,148.98088901583105,None,,,,,,,,,142.23886391706765,None,142.41918859397992,143.4191635157913,143.44920240575448,None,143.55928019294515,143.60916572296992,143.7292529027909,143.77935449406505,143.8992550931871,144.19941469375044,144.31943799508736,144.3694384470582,144.4894655700773,144.78948337491602,144.90970155410469,145.20971073303372,143.54920634436422,None,146.62010198598728,None,146.7302123690024,146.7801785217598,146.90021125599742,146.95020487206057,147.070132099092,147.3703523161821,147.49034574301913,147.54039353784174,147.66046659788117,147.9605115777813,148.0805188161321,148.38072834396735,146.72016547941604,None,,,,,,,,,,,,,,,,,,,,,,,,,,,,,,,,,,,,,,,,,,,,,,,,,,,,,,,,,,,,,,,,,162,1,2024_Feb_07_1325,Cognition2_FullCode1,2021.2.3,99.98276968329682,
/Users/shamslab/Desktop/Cognition2_FullExperimentFile/162_VisualBlock1.csv,/Users/shamslab/Desktop/Cognition2_FullExperimentFile/fullGoodSeqs_rhythm_shortVis_PracticeVideo.csv,,1,2,2,1,1,11,16,28,58,70,100,112,117,129,134,3_audFile.wav,10,5,24,1,2,2,1,1,11,16,28,58,70,100,112,117,129,134,3_audFile.wav,10,,0,1,,,24,2,146,176,2,146,176,5,,,,0,0,0,0,,,,,0,5,5,30,,,,,,,,,,,,,,,,,,,,,,,,,,,,,,,,,,,,,,,,,,,152.58192087197676,None,,,,,,,,,,,,,,,1,3.9567736322060227,156.2628074027598,None,156.2628074027598,None,,,,,,,,,149.51085658790544,None,149.69100016588345,150.69121223082766,150.72130890283734,None,150.83132736105472,150.8813489060849,151.0014696661383,151.30161276692525,151.4214884871617,151.7216042559594,151.84161056717858,151.89157793298364,152.01171318814158,152.0615971731022,152.18180708773434,152.4817479881458,150.82141582616606,None,153.89219699474052,None,154.0022991169244,154.05223338492215,154.17226996505633,154.47246438404545,154.59234798001125,154.892325213179,155.01251284591854,155.06249808473513,155.1825712719001,155.23254945594817,155.35266242688522,155.6526596918702,153.99230293645525,None,,,,,,,,,,,,,,,,,,,,,,,,,,,,,,,,,,,,,,,,,,,,,,,,,,,,,,,,,,,,,,,,,162,1,2024_Feb_07_1325,Cognition2_FullCode1,2021.2.3,99.98276968329682,
/Users/shamslab/Desktop/Cognition2_FullExperimentFile/162_VisualBlock1.csv,/Users/shamslab/Desktop/Cognition2_FullExperimentFile/fullGoodSeqs_rhythm_shortVis_PracticeVideo.csv,,2,1,2,1,1,11,41,53,58,70,100,112,117,129,134,3_audFile.wav,10,6,23,2,1,2,1,1,11,41,53,58,70,100,112,117,129,134,3_audFile.wav,10,,0,1,,,23,2,146,176,2,146,176,6,,,,0,0,0,0,,,,,0,6,6,9,,,,,,,,,,,,,,,,,,,,,,,,,,,,,,,,,,,,,,,,,,,163.31486807903275,None,,,,,,,,,,,,,,,1,0.3197774598374963,166.99583216104656,None,166.99583216104656,None,,,,,,,,,160.24391637183726,None,160.42406684393063,161.42426732974127,161.4543723380193,None,161.56448752013966,161.86440702201799,161.98455413384363,162.0345159950666,162.15452304203063,162.45465802308172,162.57468429813161,162.62477850914001,162.7447873931378,162.7946025878191,162.91477600485086,163.21479773102328,161.55440465216526,None,164.62517957901582,None,164.73518421174958,165.03536990378052,165.15542414877564,165.20546227693558,165.32536362111568,165.62539798393846,165.74566984781995,165.7954878541641,165.91569843702018,165.96560001699254,166.08560968190432,166.385758663062,164.72539434530773,None,,,,,,,,,,,,,,,,,,,,,,,,,,,,,,,,,,,,,,,,,,,,,,,,,,,,,,,,,,,,,,,,,162,1,2024_Feb_07_1325,Cognition2_FullCode1,2021.2.3,99.98276968329682,
/Users/shamslab/Desktop/Cognition2_FullExperimentFile/162_VisualBlock1.csv,/Users/shamslab/Desktop/Cognition2_FullExperimentFile/fullGoodSeqs_rhythm_shortVis_PracticeVideo.csv,,1,2,1,1,2,11,16,28,58,70,75,87,92,104,134,3_audFile.wav,10,5,20,1,2,2,1,2,11,16,28,58,70,100,112,117,129,159,3_audFile.wav,10,,0,2,,,28,2,146,176,1,171,176,5,,,,0,0,0,0,,,,,0,7,7,14,,,,,,,,,,,,,,,,,,,,,,,,,,,,,,,,,,,,,,,,,,,170.40697805816308,None,,,,,,,,,,,,,,,2,0.34153584903106093,174.0780427409336,None,174.0780427409336,None,,,,,,,,,167.335995440837,None,167.51622003875673,168.51630110805854,168.5463767880574,None,168.65637125307694,168.70651569310576,168.82635879004374,169.1266209501773,169.24662413587794,169.29653049074113,169.41657688980922,169.4667381918989,169.58675862615928,169.8867967869155,170.00686652213335,170.306959039066,168.64641372947955,None,171.7173693687655,None,171.82721770787612,171.87738340208307,171.99742765212432,172.29741495009512,172.41759116807953,172.71758288610727,172.83754630899057,172.88751632906497,173.00769223086536,173.30785264680162,173.42794417915866,173.47774029616266,171.81753062917852,None,,,,,,,,,,,,,,,,,,,,,,,,,,,,,,,,,,,,,,,,,,,,,,,,,,,,,,,,,,,,,,,,,162,1,2024_Feb_07_1325,Cognition2_FullCode1,2021.2.3,99.98276968329682,
/Users/shamslab/Desktop/Cognition2_FullExperimentFile/162_VisualBlock1.csv,/Users/shamslab/Desktop/Cognition2_FullExperimentFile/fullGoodSeqs_rhythm_shortVis_PracticeVideo.csv,,2,1,2,1,2,11,41,53,58,70,100,112,117,129,159,3_audFile.wav,10,6,19,2,1,2,1,2,11,41,53,58,70,100,112,117,129,159,3_audFile.wav,10,,0,1,,,19,1,171,176,1,171,176,6,,,,0,0,0,0,,,,,0,8,8,18,,,,,,,,,,,,,,,,,,,,,,,,,,,,,,,,,,,,,,,,,,,177.51897258497775,None,,,,,,,,,,,,,,,1,0.5014195158146322,181.1901483628899,None,181.1901483628899,None,,,,,,,,,174.4481086167507,None,174.6282130451873,175.6284291758202,175.65843575401232,None,175.76841916004196,176.06845920113847,176.18851502472535,176.23857881082222,176.3586574587971,176.65864838613197,176.77868642378598,176.82865272415802,176.94885211111978,177.248750356026,177.3689701538533,177.4189354851842,175.75842664246449,None,178.82922927616164,None,178.9395431461744,179.23935840511695,179.35941180679947,179.4094602279365,179.52953898813576,179.82956140395254,179.94967991812155,179.99954764312133,180.11966396681964,180.41971019795164,180.5398756088689,180.58983451500535,178.92932036141866,None,,,,,,,,,,,,,,,,,,,,,,,,,,,,,,,,,,,,,,,,,,,,,,,,,,,,,,,,,,,,,,,,,162,1,2024_Feb_07_1325,Cognition2_FullCode1,2021.2.3,99.98276968329682,
/Users/shamslab/Desktop/Cognition2_FullExperimentFile/162_VisualBlock1.csv,/Users/shamslab/Desktop/Cognition2_FullExperimentFile/fullGoodSeqs_rhythm_shortVis_PracticeVideo.csv,,2,1,1,2,1,11,41,53,58,70,75,87,117,129,134,3_audFile.wav,10,6,25,2,1,1,2,1,11,41,53,58,70,75,87,117,129,134,3_audFile.wav,10,,0,1,,,25,2,146,176,2,146,176,6,,,,0,0,0,0,,,,,0,9,9,25,,,,,,,,,,,,,,,,,,,,,,,,,,,,,,,,,,,,,,,,,,,184.78109791781753,None,,,,,,,,,,,,,,,1,0.06356402859091759,188.45200751209632,None,188.45200751209632,None,,,,,,,,,181.710169356782,None,181.90023576281965,182.90044001489878,182.9205821249634,None,183.0304316719994,183.3304583891295,183.45062804594636,183.5005954951048,183.62062359182164,183.6707424041815,183.79086226783693,184.09075734904036,184.21084553888068,184.26084348279983,184.38091335212812,184.6809786427766,183.0204837531317,None,186.09146364498883,None,186.2015376058407,186.50148161081597,186.62151611596346,186.6715868068859,186.79159849509597,186.84172197803855,186.96162280114368,187.26174330199137,187.38192391116172,187.4317457517609,187.55180493695661,187.85181111097336,186.1915803784039,None,,,,,,,,,,,,,,,,,,,,,,,,,,,,,,,,,,,,,,,,,,,,,,,,,,,,,,,,,,,,,,,,,162,1,2024_Feb_07_1325,Cognition2_FullCode1,2021.2.3,99.98276968329682,
/Users/shamslab/Desktop/Cognition2_FullExperimentFile/162_VisualBlock1.csv,/Users/shamslab/Desktop/Cognition2_FullExperimentFile/fullGoodSeqs_rhythm_shortVis_PracticeVideo.csv,,2,2,1,2,1,11,41,53,83,95,100,112,142,154,159,3_audFile.wav,10,7,18,2,2,1,1,2,11,41,53,83,95,100,112,117,129,159,3_audFile.wav,10,,0,2,,,16,1,171,176,1,171,176,7,,,,0,0,0,0,,,,,0,10,10,8,,,,,,,,,,,,,,,,,,,,,,,,,,,,,,,,,,,,,,,,,,,191.6130464230664,None,,,,,,,,,,,,,,,1,0.4955592369660735,195.28401389392093,None,195.28401389392093,None,,,,,,,,,188.54218235099688,None,188.72219626279548,189.7224555341527,189.75235657393932,None,189.86241875682026,190.1624870961532,190.2824972430244,190.58274143980816,190.7027997537516,190.75272268010303,190.87279640696943,191.17296712193638,191.29297540709376,191.3429011600092,191.46290176082402,191.5129631208256,189.85254377122038,None,192.92345986980945,None,193.03330026287585,193.33352406602353,193.45352002885193,193.75368337379768,193.87358755618334,193.9236625158228,194.04380342410877,194.0936004887335,194.21382773900405,194.51388415275142,194.6339775249362,194.68387640314177,193.02344253235498,None,,,,,,,,,,,,,,,,,,,,,,,,,,,,,,,,,,,,,,,,,,,,,,,,,,,,,,,,,,,,,,,,,162,1,2024_Feb_07_1325,Cognition2_FullCode1,2021.2.3,99.98276968329682,
/Users/shamslab/Desktop/Cognition2_FullExperimentFile/162_VisualBlock1.csv,/Users/shamslab/Desktop/Cognition2_FullExperimentFile/fullGoodSeqs_rhythm_shortVis_PracticeVideo.csv,,1,2,2,1,2,11,16,28,58,70,100,112,117,129,159,3_audFile.wav,10,5,20,1,2,2,1,2,11,16,28,58,70,100,112,117,129,159,3_audFile.wav,10,,0,1,,,20,1,171,176,1,171,176,5,,,,0,0,0,0,,,,,0,11,11,17,,,,,,,,,,,,,,,,,,,,,,,,,,,,,,,,,,,,,,,,,,,198.87513567879796,None,,,,,,,,,,,,,,,1,0.5853051380254328,202.54623441305012,None,202.54623441305012,None,,,,,,,,,195.80424402281642,None,195.98430504184216,196.98438616516069,197.0145413898863,None,197.12460213107988,197.17456698277965,197.29467697814107,197.5946617219597,197.71469066292048,198.01473773317412,198.134819842875,198.18472079979256,198.30490117473528,198.6049221297726,198.7250930541195,198.77488494385034,197.11442884658464,None,200.18545390898362,None,200.29554115375504,200.3453631377779,200.46551895979792,200.7656009211205,200.88566173892468,201.185679780785,201.30573615105823,201.35573091404513,201.47588282404467,201.77588331885636,201.89598710183054,201.94591877097264,200.2855480741244,None,,,,,,,,,,,,,,,,,,,,,,,,,,,,,,,,,,,,,,,,,,,,,,,,,,,,,,,,,,,,,,,,,162,1,2024_Feb_07_1325,Cognition2_FullCode1,2021.2.3,99.98276968329682,
/Users/shamslab/Desktop/Cognition2_FullExperimentFile/162_VisualBlock1.csv,/Users/shamslab/Desktop/Cognition2_FullExperimentFile/fullGoodSeqs_rhythm_shortVis_PracticeVideo.csv,,1,2,2,1,1,11,16,28,58,70,100,112,117,129,134,3_audFile.wav,10,5,22,1,2,1,2,2,11,16,28,58,70,75,87,117,129,159,3_audFile.wav,10,,0,2,,,24,2,146,176,1,171,176,5,,,,0,0,0,0,,,,,0,12,12,24,,,,,,,,,,,,,,,,,,,,,,,,,,,,,,,,,,,,,,,,,,,206.22719128103927,None,,,,,,,,,,,,,,,2,0.6095033860765398,209.89811266213655,None,209.89811266213655,None,,,,,,,,,203.15612306818366,None,203.3363366080448,204.33650817815214,204.36674953298643,None,204.47668411117047,204.5265717008151,204.646625447087,204.94682764075696,205.06678060116246,205.36693361308426,205.48694633785635,205.53696617716923,205.6570112700574,205.70704950205982,205.82700636889786,206.12709918804467,204.46666369116866,None,207.53740025684237,None,207.64751983014867,207.6975074550137,207.8174630999565,208.11765566794202,208.23772586602718,208.2876997878775,208.40786194009706,208.70780669199303,208.8278197911568,209.12797194113955,209.2480879998766,209.29800426214933,207.6375563484151,None,,,,,,,,,,,,,,,,,,,,,,,,,,,,,,,,,,,,,,,,,,,,,,,,,,,,,,,,,,,,,,,,,162,1,2024_Feb_07_1325,Cognition2_FullCode1,2021.2.3,99.98276968329682,
/Users/shamslab/Desktop/Cognition2_FullExperimentFile/162_VisualBlock1.csv,/Users/shamslab/Desktop/Cognition2_FullExperimentFile/fullGoodSeqs_rhythm_shortVis_PracticeVideo.csv,,2,1,2,1,1,11,41,53,58,70,100,112,117,129,134,3_audFile.wav,10,6,25,2,1,1,2,1,11,41,53,58,70,75,87,117,129,134,3_audFile.wav,10,,0,2,,,23,2,146,176,2,146,176,6,,,,0,0,0,0,,,,,0,13,13,26,,,,,,,,,,,,,,,,,,,,,,,,,,,,,,,,,,,,,,,,,,,213.59921440575272,None,,,,,,,,,,,,,,,2,1.469300548080355,217.27028579916805,None,217.27028579916805,None,,,,,,,,,210.52827915688977,None,210.70844014780596,211.70859538111836,211.73867566604167,None,211.84875099686906,212.1488168677315,212.26881657913327,212.31886147614568,212.43888370785862,212.7389946137555,212.85898746503517,212.90901048108935,213.02920496510342,213.07899166084826,213.19900786411017,213.49916280107573,211.8387990952004,None,214.9094739961438,None,215.01966084586456,215.31965100578964,215.43974305689335,215.4897357658483,215.60976178618148,215.6598343141377,215.77998992614448,216.07993829390034,216.19995247479528,216.25011352309957,216.37017710879445,216.67009494872764,215.00975629449823,None,,,,,,,,,,,,,,,,,,,,,,,,,,,,,,,,,,,,,,,,,,,,,,,,,,,,,,,,,,,,,,,,,162,1,2024_Feb_07_1325,Cognition2_FullCode1,2021.2.3,99.98276968329682,
/Users/shamslab/Desktop/Cognition2_FullExperimentFile/162_VisualBlock1.csv,/Users/shamslab/Desktop/Cognition2_FullExperimentFile/fullGoodSeqs_rhythm_shortVis_PracticeVideo.csv,,2,1,2,2,1,11,41,53,58,70,100,112,142,154,159,3_audFile.wav,10,6,17,2,1,2,2,1,11,41,53,58,70,100,112,142,154,159,3_audFile.wav,10,,0,1,,,17,1,171,176,1,171,176,6,,,,0,0,0,0,,,,,0,14,14,21,,,,,,,,,,,,,,,,,,,,,,,,,,,,,,,,,,,,,,,,,,,221.83159225294366,None,,,,,,,,,,,,,,,2,0.5728902840055525,225.50274599110708,None,225.50274599110708,None,,,,,,,,,218.760758289136,None,218.94084377307445,219.94105784688145,219.9711299217306,None,220.08106884779409,220.38113460782915,220.5011817868799,220.5512306187302,220.67142108874395,220.9713291139342,221.09138174308464,221.39136266894639,221.5115571320057,221.56156394910067,221.68165839789435,221.73152229376137,220.07109197317624,None,223.14200323680416,None,223.25200358312577,223.55204069288447,223.67206030804664,223.7221609139815,223.84225471317768,224.1422392227687,224.2621867270209,224.56244283681735,224.6825046450831,224.7324891150929,224.85249532293528,224.902502106037,223.24209241331556,None,,,,,,,,,,,,,,,,,,,,,,,,,,,,,,,,,,,,,,,,,,,,,,,,,,,,,,,,,,,,,,,,,162,1,2024_Feb_07_1325,Cognition2_FullCode1,2021.2.3,99.98276968329682,
/Users/shamslab/Desktop/Cognition2_FullExperimentFile/162_VisualBlock1.csv,/Users/shamslab/Desktop/Cognition2_FullExperimentFile/fullGoodSeqs_rhythm_shortVis_PracticeVideo.csv,,1,2,1,2,2,11,16,28,58,70,75,87,117,129,159,3_audFile.wav,10,5,20,1,2,2,1,2,11,16,28,58,70,100,112,117,129,159,3_audFile.wav,10,,0,2,,,22,1,171,176,1,171,176,5,,,,0,0,0,0,,,,,0,15,15,1,,,,,,,,,,,,,,,,,,,,,,,,,,,,,,,,,,,,,,,,,,,229.173611916136,None,,,,,,,,,,,,,,,2,0.5188463190570474,232.84472200507298,None,232.84472200507298,None,,,,,,,,,226.10274177091196,None,226.28281163610518,227.2830951521173,227.31308178510517,None,227.4231150150299,227.4732181550935,227.59323501680046,227.89336609188467,228.01335314381868,228.06341477576643,228.1834517600946,228.4834120911546,228.60347239114344,228.90347884083167,229.02372391382232,229.07358352001756,227.41320785456338,None,230.48408738616854,None,230.5942187551409,230.64413666399196,230.76413566991687,231.0642435187474,231.18421554379165,231.4843854601495,231.6043901089579,231.6543406927958,231.77441923273727,232.07450901018456,232.19448023289442,232.24462387897074,230.5841732071247,None,,,,,,,,,,,,,,,,,,,,,,,,,,,,,,,,,,,,,,,,,,,,,,,,,,,,,,,,,,,,,,,,,162,1,2024_Feb_07_1325,Cognition2_FullCode1,2021.2.3,99.98276968329682,
/Users/shamslab/Desktop/Cognition2_FullExperimentFile/162_VisualBlock1.csv,/Users/shamslab/Desktop/Cognition2_FullExperimentFile/fullGoodSeqs_rhythm_shortVis_PracticeVideo.csv,,1,2,1,2,1,11,16,28,58,70,75,87,117,129,134,3_audFile.wav,10,5,26,1,2,1,2,1,11,16,28,58,70,75,87,117,129,134,3_audFile.wav,10,,0,1,,,26,2,146,176,2,146,176,5,,,,0,0,0,0,,,,,0,16,16,6,,,,,,,,,,,,,,,,,,,,,,,,,,,,,,,,,,,,,,,,,,,236.4558140328154,None,,,,,,,,,,,,,,,1,0.3567330567166209,240.12684480613098,None,240.12684480613098,None,,,,,,,,,233.38490073382854,None,233.56505175912753,234.56528562493622,234.5952720688656,None,234.705232960172,234.75531665002927,234.87521689292043,235.17542794393376,235.29545019101351,235.3454633518122,235.46546691283584,235.7655001031235,235.88574218004942,235.93552084779367,236.05563744809479,236.3557107821107,234.69541433914566,None,237.76605289103463,None,237.87612786795944,237.926202848088,238.04615237703547,238.3462803401053,238.46635551098734,238.5163561431691,238.6364336591214,238.936391714029,239.0565505507402,239.10659743100405,239.22664781101048,239.5265614320524,237.86617934047246,None,,,,,,,,,,,,,,,,,,,,,,,,,,,,,,,,,,,,,,,,,,,,,,,,,,,,,,,,,,,,,,,,,162,1,2024_Feb_07_1325,Cognition2_FullCode1,2021.2.3,99.98276968329682,
/Users/shamslab/Desktop/Cognition2_FullExperimentFile/162_VisualBlock1.csv,/Users/shamslab/Desktop/Cognition2_FullExperimentFile/fullGoodSeqs_rhythm_shortVis_PracticeVideo.csv,,1,1,2,2,1,11,16,28,33,45,75,87,117,129,134,3_audFile.wav,10,4,29,1,1,2,1,2,11,16,28,33,45,75,87,92,104,134,3_audFile.wav,10,,0,2,,,27,2,146,176,2,146,176,4,,,,0,0,0,0,,,,,0,17,17,22,,,,,,,,,,,,,,,,,,,,,,,,,,,,,,,,,,,,,,,,,,,243.57772943004966,None,,,,,,,,,,,,,,,2,0.3067281539551914,247.248845606111,None,247.248845606111,None,,,,,,,,,240.50693015987054,None,240.6870748498477,241.68724026111886,241.7172791180201,None,241.82724130898714,241.87730315187946,241.99741321615875,242.04734462779015,242.16726649180055,242.4674569698982,242.58744773687795,242.88752739597112,243.0075629898347,243.05765180801973,243.17775382613763,243.4776961817406,241.81727845217102,None,244.8882379657589,None,244.9981759567745,245.0482257050462,245.16825992707163,245.21825744211674,245.33837407594547,245.6383521258831,245.75834783213213,245.80848997598514,245.9284521578811,246.22858882695436,246.34869514172897,246.64865934988484,244.98813364650124,None,,,,,,,,,,,,,,,,,,,,,,,,,,,,,,,,,,,,,,,,,,,,,,,,,,,,,,,,,,,,,,,,,162,1,2024_Feb_07_1325,Cognition2_FullCode1,2021.2.3,99.98276968329682,
/Users/shamslab/Desktop/Cognition2_FullExperimentFile/162_VisualBlock1.csv,/Users/shamslab/Desktop/Cognition2_FullExperimentFile/fullGoodSeqs_rhythm_shortVis_PracticeVideo.csv,,2,1,2,1,2,11,41,53,58,70,100,112,117,129,159,3_audFile.wav,10,6,21,2,1,1,2,2,11,41,53,58,70,75,87,117,129,159,3_audFile.wav,10,,0,2,,,19,1,171,176,1,171,176,6,,,,0,0,0,0,,,,,0,18,18,11,,,,,,,,,,,,,,,,,,,,,,,,,,,,,,,,,,,,,,,,,,,250.6499453568831,None,,,,,,,,,,,,,,,1,0.6587177789770067,254.32084270194173,None,254.32084270194173,None,,,,,,,,,247.5788672589697,None,247.75912506785244,248.75923525495455,248.78918355703354,None,248.8993298811838,249.1994293439202,249.31936947675422,249.36941537400708,249.4895052849315,249.78959013102576,249.90950399404392,249.95963472593576,250.07970424508676,250.37965188873932,250.49987480789423,250.5499302991666,248.88930041012355,None,251.9601631569676,None,252.07026237715036,252.3702417779714,252.4903831440024,252.54032546887174,252.66030195588246,252.71048165485263,252.83042813884094,253.13044284004718,253.2504876558669,253.5507516367361,253.67070696596056,253.72058661701158,252.0601934184786,None,,,,,,,,,,,,,,,,,,,,,,,,,,,,,,,,,,,,,,,,,,,,,,,,,,,,,,,,,,,,,,,,,162,1,2024_Feb_07_1325,Cognition2_FullCode1,2021.2.3,99.98276968329682,
/Users/shamslab/Desktop/Cognition2_FullExperimentFile/162_VisualBlock1.csv,/Users/shamslab/Desktop/Cognition2_FullExperimentFile/fullGoodSeqs_rhythm_shortVis_PracticeVideo.csv,,1,1,2,1,2,11,16,28,33,45,75,87,92,104,134,3_audFile.wav,10,4,27,1,1,2,2,1,11,16,28,33,45,75,87,117,129,134,3_audFile.wav,10,,0,2,,,29,2,146,176,2,146,176,4,,,,0,0,0,0,,,,,0,19,19,16,,,,,,,,,,,,,,,,,,,,,,,,,,,,,,,,,,,,,,,,,,,258.0718824467622,None,,,,,,,,,,,,,,,2,1.524578298907727,261.74301084317267,None,261.74301084317267,None,,,,,,,,,255.00099088205025,None,255.18111599888653,256.1812575319782,256.21143293892965,None,256.3215341619216,256.37140400288627,256.4913906380534,256.5414257259108,256.66150921816006,256.96165240881965,257.08165287273005,257.13168550282717,257.25167437596247,257.5517885279842,257.6717501557432,257.9720049467869,256.3115100394469,None,259.3823031610809,None,259.49231165694073,259.54234959790483,259.66239395411685,259.7123351879418,259.8324249731377,260.13261099299416,260.25256463792175,260.55273883603513,260.6726142647676,260.7227173540741,260.84280646499246,261.1427738829516,259.48242298415863,None,,,,,,,,,,,,,,,,,,,,,,,,,,,,,,,,,,,,,,,,,,,,,,,,,,,,,,,,,,,,,,,,,162,1,2024_Feb_07_1325,Cognition2_FullCode1,2021.2.3,99.98276968329682,
/Users/shamslab/Desktop/Cognition2_FullExperimentFile/162_VisualBlock1.csv,/Users/shamslab/Desktop/Cognition2_FullExperimentFile/fullGoodSeqs_rhythm_shortVis_PracticeVideo.csv,,2,1,1,2,1,11,41,53,58,70,75,87,117,129,134,3_audFile.wav,10,6,21,2,1,1,2,2,11,41,53,58,70,75,87,117,129,159,3_audFile.wav,10,,0,2,,,25,2,146,176,1,171,176,6,,,,0,0,0,0,,,,,0,20,20,2,,,,,,,,,,,,,,,,,,,,,,,,,,,,,,,,,,,,,,,,,,,266.36434224480763,None,,,,,,,,,,,,,,,1,0.4882780322805047,270.03534686472267,None,270.03534686472267,None,,,,,,,,,263.2932839510031,None,263.47362527484074,264.47361394716427,264.50375840393826,None,264.6137783401646,264.9138651811518,265.03396987589076,265.08380314381793,265.20409453101456,265.2539371349849,265.3739534490742,265.6740427557379,265.79420888377354,265.84402607986704,265.96412300504744,266.2642013258301,264.60383965116927,None,267.6746206940152,None,267.78474499098957,268.08474038587883,268.2048776340671,268.2548774708994,268.3749185600318,268.4248890648596,268.5449576941319,268.84499514475465,268.9652207829058,269.2650522440672,269.3852190738544,269.43516657408327,267.7747735571582,None,,,,,,,,,,,,,,,,,,,,,,,,,,,,,,,,,,,,,,,,,,,,,,,,,,,,,,,,,,,,,,,,,162,1,2024_Feb_07_1325,Cognition2_FullCode1,2021.2.3,99.98276968329682,
/Users/shamslab/Desktop/Cognition2_FullExperimentFile/162_VisualBlock1.csv,/Users/shamslab/Desktop/Cognition2_FullExperimentFile/fullGoodSeqs_rhythm_shortVis_PracticeVideo.csv,,2,2,1,1,2,11,41,53,83,95,100,112,117,129,159,3_audFile.wav,10,7,18,2,2,1,1,2,11,41,53,83,95,100,112,117,129,159,3_audFile.wav,10,,0,1,,,18,1,171,176,1,171,176,7,,,,0,0,0,0,,,,,0,21,21,13,,,,,,,,,,,,,,,,,,,,,,,,,,,,,,,,,,,,,,,,,,,273.61644395207986,None,,,,,,,,,,,,,,,1,0.15604001516476274,277.2875414271839,None,277.2875414271839,None,,,,,,,,,270.5453670951538,None,270.72559163486585,271.7257266831584,271.7557962751016,None,271.8659300720319,272.1658976669423,272.28597733704373,272.5861128438264,272.7060056128539,272.7561462880112,272.87623395211995,272.92628932278603,273.046343550086,273.3463475438766,273.466390627902,273.5162988710217,271.85590544012376,None,274.92675086995587,None,275.0367924370803,275.3367803241126,275.45694865100086,275.7570817009546,275.87713775085285,275.92693243781105,276.04705863213167,276.0970353120938,276.21708112116903,276.5173600660637,276.6373098259792,276.6872678818181,275.02688137018123,None,,,,,,,,,,,,,,,,,,,,,,,,,,,,,,,,,,,,,,,,,,,,,,,,,,,,,,,,,,,,,,,,,162,1,2024_Feb_07_1325,Cognition2_FullCode1,2021.2.3,99.98276968329682,
/Users/shamslab/Desktop/Cognition2_FullExperimentFile/162_VisualBlock1.csv,/Users/shamslab/Desktop/Cognition2_FullExperimentFile/fullGoodSeqs_rhythm_shortVis_PracticeVideo.csv,,1,2,2,1,2,11,16,28,58,70,100,112,117,129,159,3_audFile.wav,10,5,26,1,2,1,2,1,11,16,28,58,70,75,87,117,129,134,3_audFile.wav,10,,0,2,,,20,1,171,176,2,146,176,5,,,,0,0,0,0,,,,,0,22,22,31,,,,,,,,,,,,,,,,,,,,,,,,,,,,,,,,,,,,,,,,,,,280.5385386799462,None,,,,,,,,,,,,,,,2,0.41007525473833084,284.20949145499617,None,284.20949145499617,None,,,,,,,,,277.4675341057591,None,277.6475228131749,278.6479018367827,278.6776694669388,None,278.78787720017135,278.83776920707896,278.9578727199696,279.25799075188115,279.3779736077413,279.678041589912,279.7980663101189,279.84814559994265,279.96813872503117,280.2682839911431,280.3882374120876,280.43840911472216,278.77783586219886,None,281.8487430419773,None,281.95891075674444,282.0087454020977,282.1289344881661,282.4287873781286,282.5488907750696,282.59905630676076,282.7189387790859,283.01895247912034,283.1391358640976,283.188984666951,283.309142597951,283.60930347815156,281.94869206841105,None,,,,,,,,,,,,,,,,,,,,,,,,,,,,,,,,,,,,,,,,,,,,,,,,,,,,,,,,,,,,,,,,,162,1,2024_Feb_07_1325,Cognition2_FullCode1,2021.2.3,99.98276968329682,
/Users/shamslab/Desktop/Cognition2_FullExperimentFile/162_VisualBlock1.csv,/Users/shamslab/Desktop/Cognition2_FullExperimentFile/fullGoodSeqs_rhythm_shortVis_PracticeVideo.csv,,2,2,1,2,1,11,41,53,83,95,100,112,142,154,159,3_audFile.wav,10,7,16,2,2,1,2,1,11,41,53,83,95,100,112,142,154,159,3_audFile.wav,10,,0,1,,,16,1,171,176,1,171,176,7,,,,0,0,0,0,,,,,0,23,23,4,,,,,,,,,,,,,,,,,,,,,,,,,,,,,,,,,,,,,,,,,,,287.7204804099165,None,,,,,,,,,,,,,,,1,0.6441046390682459,291.3914775690064,None,291.3914775690064,None,,,,,,,,,284.6496721850708,None,284.8396631241776,285.8398053981364,285.8598366188817,None,285.97000653576106,286.27012671809644,286.39004309801385,286.6901301271282,286.8102740277536,286.86006107972935,286.98028833791614,287.2802873197943,287.40034867683426,287.45043329382315,287.5703536081128,287.62030901992694,285.95979595226237,None,289.03079686407,None,289.1408396367915,289.4408376067877,289.5609411029145,289.8609478031285,289.9810211039148,290.03108033677563,290.15111764799803,290.4510804079473,290.5711931451224,290.62122480617836,290.7413320490159,290.7913662279025,289.13074880647474,None,,,,,,,,,,,,,,,,,,,,,,,,,,,,,,,,,,,,,,,,,,,,,,,,,,,,,,,,,,,,,,,,,162,1,2024_Feb_07_1325,Cognition2_FullCode1,2021.2.3,99.98276968329682,
/Users/shamslab/Desktop/Cognition2_FullExperimentFile/162_VisualBlock1.csv,/Users/shamslab/Desktop/Cognition2_FullExperimentFile/fullGoodSeqs_rhythm_shortVis_PracticeVideo.csv,,1,2,1,2,2,11,16,28,58,70,75,87,117,129,159,3_audFile.wav,10,5,22,1,2,1,2,2,11,16,28,58,70,75,87,117,129,159,3_audFile.wav,10,,0,1,,,22,1,171,176,1,171,176,5,,,,0,0,0,0,,,,,0,24,24,5,,,,,,,,,,,,,,,,,,,,,,,,,,,,,,,,,,,,,,,,,,,295.13246996700764,None,,,,,,,,,,,,,,,1,0.35210883524268866,298.8034633961506,None,298.8034633961506,None,,,,,,,,,292.06157460203394,None,292.24164607794955,293.2418711730279,293.27203278802335,None,293.38203449500725,293.4320919960737,293.5520094470121,293.85211902391165,293.9722242131829,294.02221904695034,294.1421887949109,294.4422912718728,294.5623069871217,294.8624711059965,294.98259623674676,295.03252533078194,293.3720451564994,None,296.44289389578626,None,296.5529877911322,296.603000854142,296.72290470218286,297.0230408911593,297.1430561169982,297.1930806697346,297.31313455989584,297.6133415037766,297.73338473401964,298.03333645593375,298.1532980897464,298.2033656267449,296.54294969416225,None,,,,,,,,,,,,,,,,,,,,,,,,,,,,,,,,,,,,,,,,,,,,,,,,,,,,,,,,,,,,,,,,,162,1,2024_Feb_07_1325,Cognition2_FullCode1,2021.2.3,99.98276968329682,
/Users/shamslab/Desktop/Cognition2_FullExperimentFile/162_VisualBlock1.csv,/Users/shamslab/Desktop/Cognition2_FullExperimentFile/fullGoodSeqs_rhythm_shortVis_PracticeVideo.csv,,1,1,2,2,1,11,16,28,33,45,75,87,117,129,134,3_audFile.wav,10,4,27,1,1,2,2,1,11,16,28,33,45,75,87,117,129,134,3_audFile.wav,10,,0,1,,,27,2,146,176,2,146,176,4,,,,0,0,0,0,,,,,0,25,25,3,,,,,,,,,,,,,,,,,,,,,,,,,,,,,,,,,,,,,,,,,,,302.25468200910836,None,,,,,,,,,,,,,,,1,0.22195045370608568,305.925618999172,None,305.925618999172,None,,,,,,,,,299.1835881699808,None,299.3638335461728,300.36392570100725,300.3939188821241,None,300.5040319538675,300.5540298130363,300.67408035416156,300.72407822310925,300.84424388594925,301.14420181605965,301.2642910229042,301.56432910915464,301.6845473931171,301.73444587318227,301.8545276061632,302.154598379042,300.4942253864836,None,303.56495901895687,None,303.6748824301176,303.7250212710351,303.84512449102476,303.89505289914086,304.0150266108103,304.31522798212245,304.4351993929595,304.7353238398209,304.8553198748268,304.9052962628193,305.02540062880144,305.32535697100684,303.6649631154258,None,,,,,,,,,,,,,,,,,,,,,,,,,,,,,,,,,,,,,,,,,,,,,,,,,,,,,,,,,,,,,,,,,162,1,2024_Feb_07_1325,Cognition2_FullCode1,2021.2.3,99.98276968329682,
/Users/shamslab/Desktop/Cognition2_FullExperimentFile/162_VisualBlock1.csv,/Users/shamslab/Desktop/Cognition2_FullExperimentFile/fullGoodSeqs_rhythm_shortVis_PracticeVideo.csv,,1,2,1,1,2,11,16,28,58,70,75,87,92,104,134,3_audFile.wav,10,5,28,1,2,1,1,2,11,16,28,58,70,75,87,92,104,134,3_audFile.wav,10,,0,1,,,28,2,146,176,2,146,176,5,,,,0,0,0,0,,,,,0,26,26,27,,,,,,,,,,,,,,,,,,,,,,,,,,,,,,,,,,,,,,,,,,,309.2465445008129,None,,,,,,,,,,,,,,,1,0.4139769598841667,312.9175985381007,None,312.9175985381007,None,,,,,,,,,306.17567760311067,None,306.35573480976745,307.3560220547952,307.38602731982246,None,307.49611986102536,307.5459698201157,307.666117080953,307.96619167691097,308.0861855200492,308.1362355640158,308.2561398218386,308.30632523307577,308.4263981138356,308.7264169328846,308.8464574930258,309.146586202085,307.4860735223163,None,310.55692871287465,None,310.6670334241353,310.71701962081715,310.8370723691769,311.1370697799139,311.2571554770693,311.3071666727774,311.42725171288475,311.47711674077436,311.5972597277723,311.8974716318771,312.0174706610851,312.3174224901013,310.6569735821802,None,,,,,,,,,,,,,,,,,,,,,,,,,,,,,,,,,,,,,,,,,,,,,,,,,,,,,,,,,,,,,,,,,162,1,2024_Feb_07_1325,Cognition2_FullCode1,2021.2.3,99.98276968329682,
/Users/shamslab/Desktop/Cognition2_FullExperimentFile/162_VisualBlock1.csv,/Users/shamslab/Desktop/Cognition2_FullExperimentFile/fullGoodSeqs_rhythm_shortVis_PracticeVideo.csv,,2,2,1,2,1,11,41,53,83,95,100,112,142,154,159,3_audFile.wav,10,7,16,2,2,1,2,1,11,41,53,83,95,100,112,142,154,159,3_audFile.wav,10,,0,1,,,16,1,171,176,1,171,176,7,,,,0,0,0,0,,,,,0,27,27,19,,,,,,,,,,,,,,,,,,,,,,,,,,,,,,,,,,,,,,,,,,,316.42870340915397,None,,,,,,,,,,,,,,,2,0.4959494839422405,320.09965125797316,None,320.09965125797316,None,,,,,,,,,313.3577304719947,None,313.5377139369957,314.53802467603236,314.5680139497854,None,314.6781408460811,314.9782487968914,315.09821122093126,315.3983753588982,315.5184045997448,315.56838062172756,315.6883984277956,315.9885849901475,316.1085286908783,316.15850433008745,316.278630646877,316.32850154675543,314.6681088422891,None,317.73891433607787,None,317.8490339801647,318.1490926351398,318.26913984213024,318.5691465199925,318.68927788874134,318.739254178945,318.85923828417435,319.15932327415794,319.27933069411665,319.3294540741481,319.4494618847966,319.49931786675006,317.839112493163,None,,,,,,,,,,,,,,,,,,,,,,,,,,,,,,,,,,,,,,,,,,,,,,,,,,,,,,,,,,,,,,,,,162,1,2024_Feb_07_1325,Cognition2_FullCode1,2021.2.3,99.98276968329682,
/Users/shamslab/Desktop/Cognition2_FullExperimentFile/162_VisualBlock1.csv,/Users/shamslab/Desktop/Cognition2_FullExperimentFile/fullGoodSeqs_rhythm_shortVis_PracticeVideo.csv,,2,2,1,1,2,11,41,53,83,95,100,112,117,129,159,3_audFile.wav,10,7,16,2,2,1,2,1,11,41,53,83,95,100,112,142,154,159,3_audFile.wav,10,,0,2,,,18,1,171,176,1,171,176,7,,,,0,0,0,0,,,,,0,28,28,10,,,,,,,,,,,,,,,,,,,,,,,,,,,,,,,,,,,,,,,,,,,323.6907645869069,None,,,,,,,,,,,,,,,2,0.3296694662421942,327.3619876471348,None,327.3619876471348,None,,,,,,,,,320.6196584748104,None,320.7999111758545,321.8001253241673,321.8302219477482,None,321.94016496883705,322.24021859513596,322.36029421305284,322.66031271917745,322.78042898885906,322.83043373283,322.9505604780279,323.00051479786634,323.12058117007837,323.42068970389664,323.54067074274644,323.5906738638878,321.93025559741073,None,325.00090030394495,None,325.1110020731576,325.41110754804686,325.5312501587905,325.831347592175,325.95140391914174,326.0013030320406,326.12146543804556,326.4214681130834,326.54154307674617,326.5913852090016,326.7115823868662,326.76149813318625,325.1010883361567,None,,,,,,,,,,,,,,,,,,,,,,,,,,,,,,,,,,,,,,,,,,,,,,,,,,,,,,,,,,,,,,,,,162,1,2024_Feb_07_1325,Cognition2_FullCode1,2021.2.3,99.98276968329682,
/Users/shamslab/Desktop/Cognition2_FullExperimentFile/162_VisualBlock1.csv,/Users/shamslab/Desktop/Cognition2_FullExperimentFile/fullGoodSeqs_rhythm_shortVis_PracticeVideo.csv,,1,1,2,1,2,11,16,28,33,45,75,87,92,104,134,3_audFile.wav,10,4,29,1,1,2,1,2,11,16,28,33,45,75,87,92,104,134,3_audFile.wav,10,,0,1,,,29,2,146,176,2,146,176,4,,,,0,0,0,0,,,,,0,29,29,15,,,,,,,,,,,,,,,,,,,,,,,,,,,,,,,,,,,,,,,,,,,330.7827702919021,None,,,,,,,,,,,,,,,1,0.2857212130911648,334.45386498002335,None,334.45386498002335,None,,,,,,,,,327.71188171207905,None,327.89190147211775,328.8921117549762,328.92205682303756,None,329.03220949182287,329.0821563247591,329.20227175718173,329.25223177718,329.3723618569784,329.6723247379996,329.79233595589176,329.8424343140796,329.9624045561068,330.26247628685087,330.382503264118,330.68266244698316,329.0221719741356,None,332.0930015849881,None,332.20313597796485,332.2530878819525,332.37314321193844,332.4232668010518,332.543131895829,332.8431651717983,332.9633169728331,333.0132312718779,333.1334012770094,333.43347657378763,333.55354462284595,333.8536733160727,332.19319578534925,None,,,,,,,,,,,,,,,,,,,,,,,,,,,,,,,,,,,,,,,,,,,,,,,,,,,,,,,,,,,,,,,,,162,1,2024_Feb_07_1325,Cognition2_FullCode1,2021.2.3,99.98276968329682,
/Users/shamslab/Desktop/Cognition2_FullExperimentFile/162_VisualBlock1.csv,/Users/shamslab/Desktop/Cognition2_FullExperimentFile/fullGoodSeqs_rhythm_shortVis_PracticeVideo.csv,,2,1,2,1,1,11,41,53,58,70,100,112,117,129,134,3_audFile.wav,10,6,17,2,1,2,2,1,11,41,53,58,70,100,112,142,154,159,3_audFile.wav,10,,0,2,,,23,2,146,176,1,171,176,6,,,,0,0,0,0,,,,,0,30,30,0,,,,,,,,,,,,,,,,,,,,,,,,,,,,,,,,,,,,,,,,,,,337.83471988281235,None,,,,,,,,,,,,,,,2,0.45773767912760377,341.5058530140668,None,341.5058530140668,None,,,,,,,,,334.76377253606915,None,334.9438474420458,335.94403917714953,335.9741470948793,None,336.0841873441823,336.3842817428522,336.50439541600645,336.55429003573954,336.6743785850704,336.97458722488955,337.0945154489018,337.14451659610495,337.2646228889935,337.31447750516236,337.4347304520197,337.7346620238386,336.0741426622961,None,339.1452387510799,None,339.2551216511056,339.5551998917945,339.6752688237466,339.72526139579713,339.845322414767,340.1454283678904,340.2654164447449,340.56558835413307,340.68563722399995,340.73554523289204,340.85561385098845,340.90565674193203,339.24515551324004,None,,,,,,,,,,,,,,,,,,,,,,,,,,,,,,,,,,,,,,,,,,,,,,,,,,,,,,,,,,,,,,,,,162,1,2024_Feb_07_1325,Cognition2_FullCode1,2021.2.3,99.98276968329682,
/Users/shamslab/Desktop/Cognition2_FullExperimentFile/162_VisualBlock1.csv,/Users/shamslab/Desktop/Cognition2_FullExperimentFile/fullGoodSeqs_rhythm_shortVis_PracticeVideo.csv,,2,1,2,2,1,11,41,53,58,70,100,112,142,154,159,3_audFile.wav,10,6,25,2,1,1,2,1,11,41,53,58,70,75,87,117,129,134,3_audFile.wav,10,,0,2,,,17,1,171,176,2,146,176,6,,,,0,0,0,0,,,,,0,31,31,29,,,,,,,,,,,,,,,,,,,,,,,,,,,,,,,,,,,,,,,,,,,345.0567774740048,None,,,,,,,,,,,,,,,2,0.395770609844476,348.72785862814635,None,348.72785862814635,None,,,,,,,,,341.9858082998544,None,342.16593619901687,343.1662116618827,343.196272472851,None,343.30624028109014,343.60634607775137,343.72632026672363,343.77639082679525,343.89642263390124,344.19645602675155,344.3165419730358,344.61661041807383,344.7366996319033,344.78657550318167,344.906768462155,344.9567185388878,343.2962913512718,None,346.36704934900627,None,346.47723096376285,346.7772221569903,346.89731945982203,346.94731385214254,347.0672222180292,347.1173202721402,347.23747979011387,347.5374380480498,347.65755925886333,347.7076047407463,347.8275837590918,348.12764821900055,346.4671500185039,None,,,,,,,,,,,,,,,,,,,,,,,,,,,,,,,,,,,,,,,,,,,,,,,,,,,,,,,,,,,,,,,,,162,1,2024_Feb_07_1325,Cognition2_FullCode1,2021.2.3,99.98276968329682,
/Users/shamslab/Desktop/Cognition2_FullExperimentFile/162_VisualBlock1.csv,/Users/shamslab/Desktop/Cognition2_FullExperimentFile/fullGoodSeqs_rhythm_shortVis_PracticeVideo.csv,,,,,,,,,,,,,,,,,,,,,,,,,,,,,,,,,,,,,,,,,,,,,,,,,,,,,,0,0,0,0,,,,,,,,,,,,,,,,,,,,,,,,,,,,,,,,,,,,,,,,,,,,,,,,,,,,,,,,,,,,,,,,,,,,,,,,,,,,,,,,,,,,,,,,,,,,,,,,,,,,,,,,,,,,,,,,,,,,,349.1520122210495,None,349.1520122210495,None,,,,,,,,,,,,,,,,,,,,,,,,,,,,,,,,,,,,,,,,,,,,,,,,,,,,,,,,,,,,,162,1,2024_Feb_07_1325,Cognition2_FullCode1,2021.2.3,99.98276968329682,
/Users/shamslab/Desktop/Cognition2_FullExperimentFile/162_AudioBlock1.csv,/Users/shamslab/Desktop/Cognition2_FullExperimentFile/fullGoodSeqs_rhythm_shortVis_PracticeAudio.csv,P1,2,1,2,1,1,11,41,56,61,76,106,121,126,141,146,1_practAudFile.wav,1,pc1,P1,2,1,2,1,1,11,41,56,61,76,106,121,126,141,146,1_practAudFile.wav,1,pc1,1,1,SAME,SAME,,,,,,,,,,,,0,1,1,1,0,0,0,0,,,,,,,,,,,,,,,,,,,409.25507208611816,None,space,48.3764807456173,409.35515023907647,None,461.85009510815144,None,462.05029027117416,None,457.8490207269788,461.85009510815144,457.8490207269788,461.85009510815144,463.0605044979602,None,463.17049600509927,463.47054444113746,463.6205943841487,463.6706497040577,463.82058046618477,464.12068055476993,464.2707193568349,464.3208533199504,464.470887246076,464.52099433913827,463.0705583793577,None,464.9210654590279,None,466.23143270611763,None,466.3413617727347,466.6415534829721,466.791478022933,466.84154119808227,466.9915836248547,467.29161624377593,467.4417508048937,467.49165492411703,467.6417316561565,467.6916905399412,466.2414865875151,None,1,0.49961702106520534,468.59204626409337,None,468.59204626409337,None,469.19218003889546,None,,,,,,,,,,,,,,,,,,,,,,,,,,,,,,,,,,,,,,,,,,,,,,,,,,,,,,,,,,,,,,,,,,,,,,,,,,,,,,,,,,,,,,,,,,,,,,,,,,,,,,,,,,,162,1,2024_Feb_07_1325,Cognition2_FullCode1,2021.2.3,99.98276968329682,
/Users/shamslab/Desktop/Cognition2_FullExperimentFile/162_AudioBlock1.csv,/Users/shamslab/Desktop/Cognition2_FullExperimentFile/fullGoodSeqs_rhythm_shortVis_PracticeAudio.csv,P2,2,1,1,2,1,11,41,56,61,76,81,96,126,141,146,2_practAudFile.wav,1,pc1,P1,2,1,2,1,1,11,41,56,61,76,106,121,126,141,146,1_practAudFile.wav,1,pc1,1,2,DIFFERENT,DIFFERENT,,,,,,,,,,,,0,1,1,1,0,1,1,1,,,,,,,,,,,,,,,,,,,,,,,,,474.7837117109448,None,474.9839727450162,None,470.7827190370299,474.7837117109448,470.7827190370299,474.7837117109448,475.9940309608355,None,476.1043796921149,476.4042723570019,476.554302116856,476.604321566876,476.7543723359704,476.8044986259192,476.95448291674256,477.25454772403464,477.40440327487886,477.454573687166,476.004084842233,None,477.85464173089713,None,479.16503494093195,None,479.27520452206954,479.5752314059064,479.7251419117674,479.775166135747,479.92523396387696,480.2253320859745,480.3755289730616,480.42539846198633,480.5755120138638,480.6255595139228,479.1750888223294,None,2,2.2378569240681827,481.5257219700143,None,481.5257219700143,None,483.86654175817966,None,,,,,,,,,,,,,,,,,,,,,,,,,,,,,,,,,,,,,,,,,,,,,,,,,,,,,,,,,,,,,,,,,,,,,,,,,,,,,,,,,,,,,,,,,,,,,,,,,,,,,,,,,,,162,1,2024_Feb_07_1325,Cognition2_FullCode1,2021.2.3,99.98276968329682,
/Users/shamslab/Desktop/Cognition2_FullExperimentFile/162_AudioBlock1.csv,/Users/shamslab/Desktop/Cognition2_FullExperimentFile/fullGoodSeqs_rhythm_shortVis_PracticeAudio.csv,P3,1,2,1,2,1,11,16,31,61,76,81,96,126,141,146,3_practAudFile.wav,1,pc2,P3,1,2,1,2,1,11,16,31,61,76,81,96,126,141,146,3_practAudFile.wav,1,pc2,1,1,SAME,SAME,,,,,,,,,,,,0,1,1,1,0,2,2,2,,,,,,,,,,,,,,,,,,,,,,,,,489.4579852591269,None,489.65812334697694,None,485.45694982493296,489.4579852591269,485.45694982493296,489.4579852591269,490.6684022108093,None,490.77845601318404,490.8284633080475,490.9783632871695,491.27854322083294,491.42862369073555,491.47861918993294,491.6286280178465,491.92876159772277,492.0787838008255,492.12865893309936,490.6784560922068,None,492.5288370391354,None,493.83925577718765,None,493.94932532217354,493.9993679607287,494.1495043267496,494.44940325897187,494.5995800490491,494.6494590691291,494.7995906351134,495.0995903760195,495.2497361097485,495.2995776250027,493.8493096585851,None,1,0.7636723071336746,496.1998988511041,None,496.1998988511041,None,497.07011737208813,None,,,,,,,,,,,,,,,,,,,,,,,,,,,,,,,,,,,,,,,,,,,,,,,,,,,,,,,,,,,,,,,,,,,,,,,,,,,,,,,,,,,,,,,,,,,,,,,,,,,,,,,,,,,162,1,2024_Feb_07_1325,Cognition2_FullCode1,2021.2.3,99.98276968329682,
/Users/shamslab/Desktop/Cognition2_FullExperimentFile/162_AudioBlock1.csv,/Users/shamslab/Desktop/Cognition2_FullExperimentFile/fullGoodSeqs_rhythm_shortVis_PracticeAudio.csv,P3,1,2,1,2,1,11,16,31,61,76,81,96,126,141,146,3_practAudFile.wav,1,pc2,P4,1,2,1,1,2,11,16,31,61,76,81,96,101,116,146,4_practAudFile.wav,1,pc2,1,2,DIFFERENT,DIFFERENT,,,,,,,,,,,,0,1,1,1,0,3,3,3,,,,,,,,,,,,,,,,,,,,,,,,,502.6619005477987,None,502.86179778305814,None,498.660670587793,502.6619005477987,498.660670587793,502.6619005477987,503.87212041579187,None,503.98216105485335,504.03217874700204,504.18218451784924,504.4821511390619,504.6322841839865,504.68228841293603,504.8324863347225,505.13234548503533,505.282581706997,505.33243404794484,503.88217429718935,None,505.73283299291506,None,507.04301408911124,None,507.1530709830113,507.20303061883897,507.3530062427744,507.65330363297835,507.8032147567719,507.85321078589186,508.00330335414037,508.05326590593904,508.20333257410675,508.50340845808387,507.0530679705087,None,2,1.0879565263167024,509.40367376292124,None,509.40367376292124,None,510.59391182102263,None,,,,,,,,,,,,,,,,,,,,,,,,,,,,,,,,,,,,,,,,,,,,,,,,,,,,,,,,,,,,,,,,,,,,,,,,,,,,,,,,,,,,,,,,,,,,,,,,,,,,,,,,,,,162,1,2024_Feb_07_1325,Cognition2_FullCode1,2021.2.3,99.98276968329682,
/Users/shamslab/Desktop/Cognition2_FullExperimentFile/162_AudioBlock1.csv,/Users/shamslab/Desktop/Cognition2_FullExperimentFile/fullGoodSeqs_rhythm_shortVis_PracticeAudio.csv,,1,2,1,2,2,11,16,28,58,70,75,87,117,129,159,13_audFile.wav,10,1,12,1,2,1,2,2,11,16,28,58,70,75,87,117,129,159,13_audFile.wav,10,,1,1,,,12,1,171,176,1,171,176,1,,,,0,1,1,1,,,,,0,0,0,22,,,,,,,,,,,,,,,,,,,,,,,,,,,,,,,,,,,,,,,,,,,520.1366578899324,None,,,,,,,,,,,,,,,1,0.3398108100518584,523.8077995670028,None,523.8077995670028,None,,,512.2045161058195,None,space,4.7389327781274915,512.3046698961407,None,517.095845201984,None,517.2760001649149,None,518.2761699911207,None,518.3862217087299,518.4362844889984,518.5563181838952,518.8564605447464,518.9763723690994,519.0264253281057,519.1465014549904,519.4465032699518,519.5664995978586,519.866786099039,519.9868203410879,520.0367313809693,518.3762343734968,None,521.4469888098538,None,521.5571783008054,521.6071977219544,521.72732807789,522.0273456820287,522.1473668618128,522.1972677218728,522.3173689190298,522.6175202308223,522.7374762310646,523.0375518621877,523.1577244931832,523.2075877878815,521.547166611487,None,,,,,,,,,,,,,,,,,,,,,,,,,,,,,,,,,,,,,,,,,,,,,,,,,,,,,,,,,,,,,,,,,162,1,2024_Feb_07_1325,Cognition2_FullCode1,2021.2.3,99.98276968329682,
/Users/shamslab/Desktop/Cognition2_FullExperimentFile/162_AudioBlock1.csv,/Users/shamslab/Desktop/Cognition2_FullExperimentFile/fullGoodSeqs_rhythm_shortVis_PracticeAudio.csv,,1,2,1,2,2,11,16,28,58,70,75,87,117,129,159,6_audFile.wav,10,1,5,1,2,1,2,2,11,16,28,58,70,75,87,117,129,159,6_audFile.wav,10,,1,1,,,5,2,171,201,2,171,201,1,,,,0,1,1,1,,,,,0,1,1,30,,,,,,,,,,,,,,,,,,,,,,,,,,,,,,,,,,,,,,,,,,,527.3888453529216,None,,,,,,,,,,,,,,,1,0.6615375932306051,531.0700329621322,None,531.0700329621322,None,,,,,,,,,524.1677543837577,None,524.3479400421493,525.3481712178327,525.3782571619377,527.2388007007539,525.488283761777,525.5383251169696,525.6583039900288,525.9584262417629,526.0784556269646,526.1284868731163,526.2484820098616,526.5486339488998,526.6686954577453,526.9686711491086,527.0887579899281,None,525.4782861792016,None,528.6991247967817,None,528.8092045481317,528.859330968,528.9792047780938,529.2793609099463,529.3994349599816,529.4493437791243,529.5693436479196,529.8695506849326,529.9896381921135,530.2897377600893,530.4096849579364,530.7198706180789,528.7992336004506,None,,,,,,,,,,,,,,,,,,,,,,,,,,,,,,,,,,,,,,,,,,,,,,,,,,,,,,,,,,,,,,,,,162,1,2024_Feb_07_1325,Cognition2_FullCode1,2021.2.3,99.98276968329682,
/Users/shamslab/Desktop/Cognition2_FullExperimentFile/162_AudioBlock1.csv,/Users/shamslab/Desktop/Cognition2_FullExperimentFile/fullGoodSeqs_rhythm_shortVis_PracticeAudio.csv,,2,1,1,2,2,11,41,53,58,70,75,87,117,129,159,12_audFile.wav,10,2,11,2,1,1,2,2,11,41,53,58,70,75,87,117,129,159,12_audFile.wav,10,,1,1,,,11,1,171,176,1,171,176,2,,,,0,1,1,1,,,,,0,2,2,31,,,,,,,,,,,,,,,,,,,,,,,,,,,,,,,,,,,,,,,,,,,534.8311075139791,None,,,,,,,,,,,,,,,2,0.3015546938404441,538.5020299791358,None,538.5020299791358,None,,,,,,,,,531.7601164318621,None,531.940196108073,532.9403780400753,532.97049620701,None,533.0804358278401,533.3804754139856,533.5004521589726,533.5505541888997,533.6706853387877,533.7205952811055,533.840671017766,534.1406731270254,534.260728049092,534.5609253877774,534.6808777488768,534.7308683511801,533.0705053065437,None,536.1413166010752,None,536.2513371687382,536.5514340358786,536.6714823101647,536.7214669641107,536.8416595738381,536.8915766240098,537.0114766857587,537.311601695139,537.4317443268374,537.7318197367713,537.851852697786,537.9017637837678,536.2414687191601,None,,,,,,,,,,,,,,,,,,,,,,,,,,,,,,,,,,,,,,,,,,,,,,,,,,,,,,,,,,,,,,,,,162,1,2024_Feb_07_1325,Cognition2_FullCode1,2021.2.3,99.98276968329682,
/Users/shamslab/Desktop/Cognition2_FullExperimentFile/162_AudioBlock1.csv,/Users/shamslab/Desktop/Cognition2_FullExperimentFile/fullGoodSeqs_rhythm_shortVis_PracticeAudio.csv,,2,1,2,1,2,11,41,53,58,70,100,112,117,129,159,10_audFile.wav,10,2,3,2,1,2,1,2,11,41,53,58,70,100,112,117,129,159,4_audFile.wav,10,,1,2,,,9,1,171,176,2,171,201,2,,,,0,1,1,1,,,,,0,3,3,10,,,,,,,,,,,,,,,,,,,,,,,,,,,,,,,,,,,,,,,,,,,541.9031074130908,None,,,,,,,,,,,,,,,1,0.32551193004474044,545.5740941711701,None,545.5740941711701,None,,,,,,,,,538.8320471188053,None,539.012272065971,540.0124486968853,540.042430575937,None,540.1524927280843,540.4527005390264,540.5726765887812,540.6225639390759,540.742755274754,541.043003724888,541.1627071420662,541.2126733050682,541.332887312863,541.6327982288785,541.7530393158086,541.8029964580201,540.1425951211247,None,543.2132686688565,None,543.3233167259023,543.6234201039188,543.7434973837808,543.7936029117554,543.913676652126,544.2136333039962,544.3336160439067,544.3835909869522,544.5037504141219,544.8036613310687,544.9238936407492,545.2239579651505,543.3133951243478,None,,,,,,,,,,,,,,,,,,,,,,,,,,,,,,,,,,,,,,,,,,,,,,,,,,,,,,,,,,,,,,,,,162,1,2024_Feb_07_1325,Cognition2_FullCode1,2021.2.3,99.98276968329682,
/Users/shamslab/Desktop/Cognition2_FullExperimentFile/162_AudioBlock1.csv,/Users/shamslab/Desktop/Cognition2_FullExperimentFile/fullGoodSeqs_rhythm_shortVis_PracticeAudio.csv,,2,1,2,1,2,11,41,53,58,70,100,112,117,129,159,4_audFile.wav,10,2,11,2,1,1,2,2,11,41,53,58,70,75,87,117,129,159,12_audFile.wav,10,,1,2,,,3,2,171,201,1,171,176,2,,,,0,1,1,1,,,,,0,4,4,19,,,,,,,,,,,,,,,,,,,,,,,,,,,,,,,,,,,,,,,,,,,549.145080849994,None,,,,,,,,,,,,,,,2,0.44360818387940526,552.8159735207446,None,552.8159735207446,None,,,,,,,,,545.9240570780821,None,546.1041986867785,547.104423774872,547.1345107448287,548.995080140885,547.2444982039742,547.5446191458032,547.6645823949948,547.7147372551262,547.8347893198952,548.1347026741132,548.2547407438979,548.3047432461753,548.4247952671722,548.724907875061,548.8450239370577,None,547.2345463623758,None,550.4553634310141,None,550.5655766441487,550.8655186821707,550.9855152009986,551.0356704047881,551.1555848708376,551.2055327850394,551.3256232738495,551.6257079718634,551.7458514841273,552.0459184800275,552.1659477427602,552.215911898762,550.5555808264296,None,,,,,,,,,,,,,,,,,,,,,,,,,,,,,,,,,,,,,,,,,,,,,,,,,,,,,,,,,,,,,,,,,162,1,2024_Feb_07_1325,Cognition2_FullCode1,2021.2.3,99.98276968329682,
/Users/shamslab/Desktop/Cognition2_FullExperimentFile/162_AudioBlock1.csv,/Users/shamslab/Desktop/Cognition2_FullExperimentFile/fullGoodSeqs_rhythm_shortVis_PracticeAudio.csv,,1,2,1,2,2,11,16,28,58,70,75,87,117,129,159,13_audFile.wav,10,1,15,1,2,1,2,1,11,16,28,58,70,75,87,117,129,134,16_audFile.wav,10,,1,2,,,12,1,171,176,2,146,176,1,,,,0,1,1,1,,,,,0,5,5,4,,,,,,,,,,,,,,,,,,,,,,,,,,,,,,,,,,,,,,,,,,,556.3570455191657,None,,,,,,,,,,,,,,,1,0.7911504111252725,560.0284153828397,None,560.0284153828397,None,,,,,,,,,553.2861878438853,None,553.4661599020474,554.4665350611322,554.4965819511563,None,554.6064844401553,554.6564987301826,554.7766155228019,555.0766711938195,555.1966817537323,555.2467589727603,555.3667890341021,555.6669330578297,555.7869194331579,556.0871136388741,556.2072030981071,556.2569911638275,554.5965632241684,None,557.6673374529928,None,557.7774955108762,557.8275183318183,557.9474431108683,558.2475720881484,558.367652670946,558.4176172837615,558.5377101120539,558.8378060329705,558.9579089228064,559.0077030621469,559.1278857109137,559.4279194269329,557.7675207233522,None,,,,,,,,,,,,,,,,,,,,,,,,,,,,,,,,,,,,,,,,,,,,,,,,,,,,,,,,,,,,,,,,,162,1,2024_Feb_07_1325,Cognition2_FullCode1,2021.2.3,99.98276968329682,
/Users/shamslab/Desktop/Cognition2_FullExperimentFile/162_AudioBlock1.csv,/Users/shamslab/Desktop/Cognition2_FullExperimentFile/fullGoodSeqs_rhythm_shortVis_PracticeAudio.csv,,2,1,2,1,2,11,41,53,58,70,100,112,117,129,159,4_audFile.wav,10,2,3,2,1,2,1,2,11,41,53,58,70,100,112,117,129,159,4_audFile.wav,10,,1,1,,,3,2,171,201,2,171,201,2,,,,0,1,1,1,,,,,0,6,6,25,,,,,,,,,,,,,,,,,,,,,,,,,,,,,,,,,,,,,,,,,,,564.0693843220361,None,,,,,,,,,,,,,,,1,0.23914052825421095,567.7404338871129,None,567.7404338871129,None,,,,,,,,,560.8483610791154,None,561.0384738538414,562.0385868907906,562.0587492580526,563.9191424991004,562.1686597601511,562.4688250329345,562.5888461307622,562.6389640299603,562.7589334459044,563.0590483709238,563.1791034280322,563.228979005944,563.349201716017,563.649170876015,563.7693278719671,None,562.1587419304531,None,565.379719380755,None,565.4896720768884,565.7898099720478,565.9098484967835,565.9598305267282,566.0799139477313,566.379805278033,566.5000098780729,566.5500301788561,566.669989739079,566.9700841107406,567.0901995510794,567.3903084867634,565.4799539213534,None,,,,,,,,,,,,,,,,,,,,,,,,,,,,,,,,,,,,,,,,,,,,,,,,,,,,,,,,,,,,,,,,,162,1,2024_Feb_07_1325,Cognition2_FullCode1,2021.2.3,99.98276968329682,
/Users/shamslab/Desktop/Cognition2_FullExperimentFile/162_AudioBlock1.csv,/Users/shamslab/Desktop/Cognition2_FullExperimentFile/fullGoodSeqs_rhythm_shortVis_PracticeAudio.csv,,1,2,2,1,2,11,16,28,58,70,100,112,117,129,159,5_audFile.wav,10,1,2,1,2,2,2,1,11,16,28,58,70,100,112,142,154,159,3_audFile.wav,10,,1,2,,,4,2,171,201,2,171,201,1,,,,0,1,1,1,,,,,0,7,7,16,,,,,,,,,,,,,,,,,,,,,,,,,,,,,,,,,,,,,,,,,,,571.221412573941,None,,,,,,,,,,,,,,,2,0.6951774591580033,574.8924304461107,None,574.8924304461107,None,,,,,,,,,568.0004995749332,None,568.1805268758908,569.1807623188943,569.2107550641522,571.071235829033,569.3207453871146,569.3707940159366,569.4908321578987,569.7909586909227,569.9110043249093,570.2109776451252,570.3311113347299,570.3810985488817,570.5010914108716,570.8011338058859,570.9214483588003,None,569.3108369195368,None,572.5316057978198,None,572.6417988589965,572.6919337599538,572.8119266987778,573.1119346260093,573.2319642058574,573.532096486073,573.6520162201487,573.9521717000753,574.0722747640684,574.122171538882,574.2423446797766,574.5423723300919,572.6317832101602,None,,,,,,,,,,,,,,,,,,,,,,,,,,,,,,,,,,,,,,,,,,,,,,,,,,,,,,,,,,,,,,,,,162,1,2024_Feb_07_1325,Cognition2_FullCode1,2021.2.3,99.98276968329682,
/Users/shamslab/Desktop/Cognition2_FullExperimentFile/162_AudioBlock1.csv,/Users/shamslab/Desktop/Cognition2_FullExperimentFile/fullGoodSeqs_rhythm_shortVis_PracticeAudio.csv,,1,2,2,1,2,11,16,28,58,70,100,112,117,129,159,11_audFile.wav,10,1,5,1,2,1,2,2,11,16,28,58,70,75,87,117,129,159,6_audFile.wav,10,,1,2,,,10,1,171,176,2,171,201,1,,,,0,1,1,1,,,,,0,8,8,13,,,,,,,,,,,,,,,,,,,,,,,,,,,,,,,,,,,,,,,,,,,578.6835848437622,None,,,,,,,,,,,,,,,2,0.5049516051076353,582.3546222131699,None,582.3546222131699,None,,,,,,,,,575.6125643458217,None,575.7926630969159,576.7927949149162,576.8228705679066,None,576.9329424551688,576.9830263331532,577.1029895087704,577.4029967021197,577.5230323961005,577.8232420068234,577.9432439217344,577.9931463417597,578.1132610691711,578.4134612381458,578.5334716388024,578.5834370017983,576.9230073084589,None,579.9938868661411,None,580.1038952348754,580.1538123837672,580.2738887481391,580.5740329618566,580.6940378551371,580.7439593747258,580.8640486211516,581.1642679958604,581.2842341717333,581.5842505209148,581.704362211749,582.0043723778799,580.0939879975747,None,,,,,,,,,,,,,,,,,,,,,,,,,,,,,,,,,,,,,,,,,,,,,,,,,,,,,,,,,,,,,,,,,162,1,2024_Feb_07_1325,Cognition2_FullCode1,2021.2.3,99.98276968329682,
/Users/shamslab/Desktop/Cognition2_FullExperimentFile/162_AudioBlock1.csv,/Users/shamslab/Desktop/Cognition2_FullExperimentFile/fullGoodSeqs_rhythm_shortVis_PracticeAudio.csv,,2,1,2,2,1,11,41,53,58,70,100,112,142,154,159,8_audFile.wav,10,2,7,2,1,2,2,1,11,41,53,58,70,100,112,142,154,159,8_audFile.wav,10,,1,1,,,7,1,171,176,1,171,176,2,,,,0,1,1,1,,,,,0,9,9,29,,,,,,,,,,,,,,,,,,,,,,,,,,,,,,,,,,,,,,,,,,,585.9555424931459,None,,,,,,,,,,,,,,,1,0.2310114991851151,589.636556325946,None,589.636556325946,None,,,,,,,,,582.8846938121133,None,583.0647630011663,584.0650650411844,584.0950852809474,None,584.2050343747251,584.5052334461361,584.6251220670529,584.6751568168402,584.7952424767427,585.0952817611396,585.2153514670208,585.515368939843,585.6354360207915,585.6854850458913,585.8055175258778,585.8554801261052,584.1951430914457,None,587.2659770287573,None,587.3759651537985,587.6760301450267,587.7961298050359,587.8460947051644,587.9661851148121,588.2662378628738,588.386254129,588.6863714139909,588.806499464903,588.856278304942,588.9763169148937,589.0263956640847,587.3660815143492,None,,,,,,,,,,,,,,,,,,,,,,,,,,,,,,,,,,,,,,,,,,,,,,,,,,,,,,,,,,,,,,,,,162,1,2024_Feb_07_1325,Cognition2_FullCode1,2021.2.3,99.98276968329682,
/Users/shamslab/Desktop/Cognition2_FullExperimentFile/162_AudioBlock1.csv,/Users/shamslab/Desktop/Cognition2_FullExperimentFile/fullGoodSeqs_rhythm_shortVis_PracticeAudio.csv,,2,1,2,2,1,11,41,53,58,70,100,112,142,154,159,8_audFile.wav,10,2,9,2,1,2,1,2,11,41,53,58,70,100,112,117,129,159,10_audFile.wav,10,,1,2,,,7,1,171,176,1,171,176,2,,,,0,1,1,1,,,,,0,10,10,11,,,,,,,,,,,,,,,,,,,,,,,,,,,,,,,,,,,,,,,,,,,592.9674461749382,None,,,,,,,,,,,,,,,1,0.45305498596280813,596.6385874738917,None,596.6385874738917,None,,,,,,,,,589.8966296440922,None,590.0867681801319,591.0869074119255,591.10704200482,None,591.2171108727343,591.5172003391199,591.6371300551109,591.6871776529588,591.8072424181737,592.1072327177972,592.2273034998216,592.5273697697558,592.6474373829551,592.6973867439665,592.8175878808834,592.8675318788737,591.2070100805256,None,594.2778165088966,None,594.387934754137,594.688061287161,594.8080846401863,594.8580266619101,594.9781888839789,595.2781884311698,595.398204757832,595.4483069321141,595.568411802873,595.8683426538482,595.9884060178883,596.03838071879,594.3779322183225,None,,,,,,,,,,,,,,,,,,,,,,,,,,,,,,,,,,,,,,,,,,,,,,,,,,,,,,,,,,,,,,,,,162,1,2024_Feb_07_1325,Cognition2_FullCode1,2021.2.3,99.98276968329682,
/Users/shamslab/Desktop/Cognition2_FullExperimentFile/162_AudioBlock1.csv,/Users/shamslab/Desktop/Cognition2_FullExperimentFile/fullGoodSeqs_rhythm_shortVis_PracticeAudio.csv,,2,1,1,2,1,11,41,53,58,70,75,87,117,129,134,15_audFile.wav,10,2,7,2,1,2,2,1,11,41,53,58,70,100,112,142,154,159,8_audFile.wav,10,,1,2,,,14,2,146,176,1,171,176,2,,,,0,1,1,1,,,,,0,11,11,6,,,,,,,,,,,,,,,,,,,,,,,,,,,,,,,,,,,,,,,,,,,600.1896908469498,None,,,,,,,,,,,,,,,1,0.3906441363506019,603.8609220418148,None,603.8609220418148,None,,,,,,,,,597.1187208238989,None,597.2988454988226,598.2991134189069,598.3290297361091,None,598.4390707290731,598.7391542587429,598.8591764308512,598.9093801421113,599.0292606018484,599.0792952161282,599.1992897428572,599.4993312717415,599.6194517258555,599.6694549918175,599.7893811007962,600.0895628919825,598.4291999535169,None,601.50000482006,None,601.6099526020698,601.9101148787886,602.0301265758462,602.0802303389646,602.2002194188535,602.5002208771184,602.620338940993,602.9204192808829,603.0404731701128,603.090334219858,603.2104873568751,603.2604941870086,601.6000680913683,None,,,,,,,,,,,,,,,,,,,,,,,,,,,,,,,,,,,,,,,,,,,,,,,,,,,,,,,,,,,,,,,,,162,1,2024_Feb_07_1325,Cognition2_FullCode1,2021.2.3,99.98276968329682,
/Users/shamslab/Desktop/Cognition2_FullExperimentFile/162_AudioBlock1.csv,/Users/shamslab/Desktop/Cognition2_FullExperimentFile/fullGoodSeqs_rhythm_shortVis_PracticeAudio.csv,,2,2,1,2,1,11,41,53,83,95,100,112,142,154,159,1_audFile.wav,10,3,0,2,2,1,2,1,11,41,53,83,95,100,112,142,154,159,1_audFile.wav,10,,1,1,,,0,2,171,201,2,171,201,3,,,,0,1,1,1,,,,,0,12,12,9,,,,,,,,,,,,,,,,,,,,,,,,,,,,,,,,,,,,,,,,,,,607.5016975067556,None,,,,,,,,,,,,,,,1,0.5746660828590393,611.1729101999663,None,611.1729101999663,None,,,,,,,,,604.280755862128,None,604.4708699919283,605.4711631638929,605.4911200250499,607.3515479979105,605.6011882480234,605.9012297801673,606.021410069894,606.3215084699914,606.4413696411066,606.4913966008462,606.6116574290209,606.911514826119,607.031507324893,607.0816117948852,607.2016302100383,None,605.5911415363196,None,608.8119024401531,None,608.9221397060901,609.2220697859302,609.3421740490012,609.6422531967983,609.7623896989971,609.8123080227524,609.9323927429505,610.2324053030461,610.3524773330428,610.4025010177866,610.5226550628431,610.8225585101172,608.9121039001736,None,,,,,,,,,,,,,,,,,,,,,,,,,,,,,,,,,,,,,,,,,,,,,,,,,,,,,,,,,,,,,,,,,162,1,2024_Feb_07_1325,Cognition2_FullCode1,2021.2.3,99.98276968329682,
/Users/shamslab/Desktop/Cognition2_FullExperimentFile/162_AudioBlock1.csv,/Users/shamslab/Desktop/Cognition2_FullExperimentFile/fullGoodSeqs_rhythm_shortVis_PracticeAudio.csv,,1,2,1,2,2,11,16,28,58,70,75,87,117,129,159,6_audFile.wav,10,1,15,1,2,1,2,1,11,16,28,58,70,75,87,117,129,134,16_audFile.wav,10,,1,2,,,5,2,171,201,2,146,176,1,,,,0,1,1,1,,,,,0,13,13,20,,,,,,,,,,,,,,,,,,,,,,,,,,,,,,,,,,,,,,,,,,,614.9939262447879,None,,,,,,,,,,,,,,,2,0.49063865188509226,618.6649299319834,None,618.6649299319834,None,,,,,,,,,611.7729201130569,None,611.9529790980741,612.9531276249327,612.9832557621412,614.8436484369449,613.093153568916,613.1432289420627,613.2633130881004,613.5633518421091,613.6833238019608,613.7335229478776,613.8535106978379,614.1536495927721,614.2736645420082,614.5737332217395,614.6937328288332,None,613.083370318124,None,616.3042324851267,None,616.414167012088,616.4642156609334,616.5842936681584,616.8842614418827,617.0043697957881,617.0544604770839,617.1744481357746,617.4745376268402,617.5945904511027,617.644555896055,617.7645672508515,618.064809913747,616.4042830564547,None,,,,,,,,,,,,,,,,,,,,,,,,,,,,,,,,,,,,,,,,,,,,,,,,,,,,,,,,,,,,,,,,,162,1,2024_Feb_07_1325,Cognition2_FullCode1,2021.2.3,99.98276968329682,
/Users/shamslab/Desktop/Cognition2_FullExperimentFile/162_AudioBlock1.csv,/Users/shamslab/Desktop/Cognition2_FullExperimentFile/fullGoodSeqs_rhythm_shortVis_PracticeAudio.csv,,2,1,2,1,1,11,41,53,58,70,100,112,117,129,134,14_audFile.wav,10,2,13,2,1,2,1,1,11,41,53,58,70,100,112,117,129,134,14_audFile.wav,10,,1,1,,,13,2,146,176,2,146,176,2,,,,0,1,1,1,,,,,0,14,14,23,,,,,,,,,,,,,,,,,,,,,,,,,,,,,,,,,,,,,,,,,,,622.2559453109279,None,,,,,,,,,,,,,,,1,0.436733306851238,625.9268764611334,None,625.9268764611334,None,,,,,,,,,619.1850317241624,None,619.3751155720092,620.3752595139667,620.3954040240496,None,620.5053863418289,620.8055229168385,620.925620732829,620.9754743617959,621.0956343747675,621.3956886050291,621.5156483221799,621.5657365261577,621.6858486197889,621.735750393942,621.8557542818598,622.1559323328547,620.4954165834467,None,623.5662610461004,None,623.6763279149309,623.9763206439093,624.0963938557543,624.1464048437774,624.2664428199641,624.5665042619221,624.6865646638907,624.736634999048,624.8566354699433,624.9066984159872,625.0266830497421,625.3268223227933,623.6664300304371,None,,,,,,,,,,,,,,,,,,,,,,,,,,,,,,,,,,,,,,,,,,,,,,,,,,,,,,,,,,,,,,,,,162,1,2024_Feb_07_1325,Cognition2_FullCode1,2021.2.3,99.98276968329682,
/Users/shamslab/Desktop/Cognition2_FullExperimentFile/162_AudioBlock1.csv,/Users/shamslab/Desktop/Cognition2_FullExperimentFile/fullGoodSeqs_rhythm_shortVis_PracticeAudio.csv,,2,2,1,1,2,11,41,53,83,95,100,112,117,129,159,9_audFile.wav,10,3,8,2,2,1,1,2,11,41,53,83,95,100,112,117,129,159,9_audFile.wav,10,,1,1,,,8,1,171,176,1,171,176,3,,,,0,1,1,1,,,,,0,15,15,26,,,,,,,,,,,,,,,,,,,,,,,,,,,,,,,,,,,,,,,,,,,629.4579354031011,None,,,,,,,,,,,,,,,1,0.2904116031713784,633.1291546877474,None,633.1291546877474,None,,,,,,,,,626.3871153118089,None,626.5671252319589,627.5675038630143,627.5974268419668,None,627.7074211621657,628.0076118721627,628.1274530179799,628.4276967211626,628.5477360347286,628.5975929591805,628.7177397999913,628.7676761909388,628.887757843826,629.1877422947437,629.3077846388333,629.3578180321492,627.6976141035091,None,630.7683054800145,None,630.8783386340365,631.1784540629014,631.2984223477542,631.5985205238685,631.7185803828761,631.76872426318,631.8886274900287,631.9385102437809,632.058779461775,632.3587557668798,632.4788560178131,632.5288265687414,630.8682755333837,None,,,,,,,,,,,,,,,,,,,,,,,,,,,,,,,,,,,,,,,,,,,,,,,,,,,,,,,,,,,,,,,,,162,1,2024_Feb_07_1325,Cognition2_FullCode1,2021.2.3,99.98276968329682,
/Users/shamslab/Desktop/Cognition2_FullExperimentFile/162_AudioBlock1.csv,/Users/shamslab/Desktop/Cognition2_FullExperimentFile/fullGoodSeqs_rhythm_shortVis_PracticeAudio.csv,,1,2,2,2,1,11,16,28,58,70,100,112,142,154,159,3_audFile.wav,10,1,2,1,2,2,2,1,11,16,28,58,70,100,112,142,154,159,3_audFile.wav,10,,1,1,,,2,2,171,201,2,171,201,1,,,,0,1,1,1,,,,,0,16,16,17,,,,,,,,,,,,,,,,,,,,,,,,,,,,,,,,,,,,,,,,,,,636.6699589630589,None,,,,,,,,,,,,,,,1,0.8944686348550022,640.3411129461601,None,640.3411129461601,None,,,,,,,,,633.449098912999,None,633.639228309039,634.6393431187607,634.6594974780455,636.5199513081461,634.7693474427797,634.819455797784,634.9395783678629,635.2395235789008,635.3597141290084,635.6598209808581,635.7797956289724,636.0798391671851,636.1997795719653,636.2500279061496,636.3699695728719,None,634.7594293271657,None,637.9803021880798,None,638.090534560848,638.1403938410804,638.2604882647283,638.5604876307771,638.6804759618826,638.9807689720765,639.1007970408536,639.4007728020661,639.5207648081705,639.5707897259854,639.6909052180126,639.9909581490792,638.0806395695079,None,,,,,,,,,,,,,,,,,,,,,,,,,,,,,,,,,,,,,,,,,,,,,,,,,,,,,,,,,,,,,,,,,162,1,2024_Feb_07_1325,Cognition2_FullCode1,2021.2.3,99.98276968329682,
/Users/shamslab/Desktop/Cognition2_FullExperimentFile/162_AudioBlock1.csv,/Users/shamslab/Desktop/Cognition2_FullExperimentFile/fullGoodSeqs_rhythm_shortVis_PracticeAudio.csv,,2,1,2,1,1,11,41,53,58,70,100,112,117,129,134,14_audFile.wav,10,2,3,2,1,2,1,2,11,41,53,58,70,100,112,117,129,159,4_audFile.wav,10,,1,2,,,13,2,146,176,2,171,201,2,,,,0,1,1,1,,,,,0,17,17,5,,,,,,,,,,,,,,,,,,,,,,,,,,,,,,,,,,,,,,,,,,,644.3322770860977,None,,,,,,,,,,,,,,,2,0.32840387988835573,648.0033057290129,None,648.0033057290129,None,,,,,,,,,641.2612950648181,None,641.4413942941464,642.4415813838132,642.4715541051701,None,642.5817077048123,642.8817516537383,643.0017422409728,643.0518676838838,643.1718680798076,643.4718857589178,643.5919024469331,643.6419176887721,643.7620668481104,643.8121019168757,643.932198646944,644.2321806601249,642.5718432054389,None,645.6426375489682,None,645.7525870241225,646.0526966690086,646.1727857859805,646.2226722161286,646.3427547961473,646.6428604391403,646.7629641457461,646.8129504299723,646.9330780068412,647.2331706071272,647.3530655577779,647.6531651681289,645.7426298204343,None,,,,,,,,,,,,,,,,,,,,,,,,,,,,,,,,,,,,,,,,,,,,,,,,,,,,,,,,,,,,,,,,,162,1,2024_Feb_07_1325,Cognition2_FullCode1,2021.2.3,99.98276968329682,
/Users/shamslab/Desktop/Cognition2_FullExperimentFile/162_AudioBlock1.csv,/Users/shamslab/Desktop/Cognition2_FullExperimentFile/fullGoodSeqs_rhythm_shortVis_PracticeAudio.csv,,1,2,1,2,1,11,16,28,58,70,75,87,117,129,134,16_audFile.wav,10,1,10,1,2,2,1,2,11,16,28,58,70,100,112,117,129,159,11_audFile.wav,10,,1,2,,,15,2,146,176,1,171,176,1,,,,0,1,1,1,,,,,0,18,18,15,,,,,,,,,,,,,,,,,,,,,,,,,,,,,,,,,,,,,,,,,,,651.4242836339399,None,,,,,,,,,,,,,,,1,0.8442262378521264,655.0953528117388,None,655.0953528117388,None,,,,,,,,,648.3532136119902,None,648.5335173448548,649.5336756720208,649.563756363932,None,649.6737569868565,649.7237226148136,649.8437374690548,650.1439465461299,650.264064354822,650.3139011859894,650.4339459231123,650.7340339659713,650.8540532961488,650.9039307669736,651.0242562638596,651.3242379948497,649.6638370994012,None,652.7344484510832,None,652.8445920017548,652.8946207929403,653.0146814030595,653.314725455828,653.4347416819073,653.7348370971158,653.854880547151,653.9048981047235,654.0250159380957,654.325096314773,654.4452740508132,654.4951621559449,652.8345931325573,None,,,,,,,,,,,,,,,,,,,,,,,,,,,,,,,,,,,,,,,,,,,,,,,,,,,,,,,,,,,,,,,,,162,1,2024_Feb_07_1325,Cognition2_FullCode1,2021.2.3,99.98276968329682,
/Users/shamslab/Desktop/Cognition2_FullExperimentFile/162_AudioBlock1.csv,/Users/shamslab/Desktop/Cognition2_FullExperimentFile/fullGoodSeqs_rhythm_shortVis_PracticeAudio.csv,,1,2,1,2,1,11,16,28,58,70,75,87,117,129,134,16_audFile.wav,10,1,15,1,2,1,2,1,11,16,28,58,70,75,87,117,129,134,16_audFile.wav,10,,1,1,,,15,2,146,176,2,146,176,1,,,,0,1,1,1,,,,,0,19,19,28,,,,,,,,,,,,,,,,,,,,,,,,,,,,,,,,,,,,,,,,,,,659.0563272708096,None,,,,,,,,,,,,,,,1,0.251965019851923,662.7276036338881,None,662.7276036338881,None,,,,,,,,,655.9655643841252,None,656.1455519911833,657.1458288431168,657.1758729950525,None,657.2858411818743,657.3360283719376,657.4560377020389,657.7759801028296,657.8959658737294,657.9462351799011,658.0662482869811,658.3661231538281,658.4863539338112,658.5362910139374,658.6562878857367,658.9562863460742,657.276016551489,None,660.3667554040439,None,660.4768297588453,660.5268367459066,660.6467901589349,660.946952059865,661.0669604660943,661.1169229401276,661.2370172911324,661.5370707800612,661.6573098259978,661.7073158388957,661.8272429611534,662.1271483250894,660.4669305872637,None,,,,,,,,,,,,,,,,,,,,,,,,,,,,,,,,,,,,,,,,,,,,,,,,,,,,,,,,,,,,,,,,,162,1,2024_Feb_07_1325,Cognition2_FullCode1,2021.2.3,99.98276968329682,
/Users/shamslab/Desktop/Cognition2_FullExperimentFile/162_AudioBlock1.csv,/Users/shamslab/Desktop/Cognition2_FullExperimentFile/fullGoodSeqs_rhythm_shortVis_PracticeAudio.csv,,2,2,1,1,2,11,41,53,83,95,100,112,117,129,159,9_audFile.wav,10,3,6,2,2,1,2,1,11,41,53,83,95,100,112,142,154,159,7_audFile.wav,10,,1,2,,,8,1,171,176,1,171,176,3,,,,0,1,1,1,,,,,0,20,20,14,,,,,,,,,,,,,,,,,,,,,,,,,,,,,,,,,,,,,,,,,,,666.0783887570724,None,,,,,,,,,,,,,,,1,0.886158509645611,669.749482751824,None,669.749482751824,None,,,,,,,,,663.0075375577435,None,663.1876816577278,664.1879172511399,664.2179237650707,None,664.3278661197983,664.6279940237291,664.7480982299894,665.0480256699957,665.1682030428201,665.2181698950008,665.3382242508233,665.3881756197661,665.5083223087713,665.8082970427349,665.9283542768098,665.9783727610484,664.3178132324945,None,667.3887651339173,None,667.4989198418334,667.798860612791,667.9189749900252,668.2190001229756,668.3391608828679,668.3890153579414,668.5090692401864,668.8092318321578,668.9292499590665,668.9791955398396,669.0991910127923,669.1493323901668,667.4889230844099,None,,,,,,,,,,,,,,,,,,,,,,,,,,,,,,,,,,,,,,,,,,,,,,,,,,,,,,,,,,,,,,,,,162,1,2024_Feb_07_1325,Cognition2_FullCode1,2021.2.3,99.98276968329682,
/Users/shamslab/Desktop/Cognition2_FullExperimentFile/162_AudioBlock1.csv,/Users/shamslab/Desktop/Cognition2_FullExperimentFile/fullGoodSeqs_rhythm_shortVis_PracticeAudio.csv,,2,2,1,2,1,11,41,53,83,95,100,112,142,154,159,7_audFile.wav,10,3,6,2,2,1,2,1,11,41,53,83,95,100,112,142,154,159,7_audFile.wav,10,,1,1,,,6,1,171,176,1,171,176,3,,,,0,1,1,1,,,,,0,21,21,2,,,,,,,,,,,,,,,,,,,,,,,,,,,,,,,,,,,,,,,,,,,673.7306126360781,None,,,,,,,,,,,,,,,1,0.4978362172842026,677.401745500043,None,677.401745500043,None,,,,,,,,,670.6597881419584,None,670.8399296668358,671.8399925357662,671.8701003990136,None,671.9802090297453,672.2801571669988,672.4001395809464,672.7002764381468,672.820356127806,672.8703165859915,672.9904395299964,673.2904182947241,673.4104794808663,673.460430637002,673.5804511178285,673.6306079751812,671.9700713282916,None,675.0408876077272,None,675.1509217261337,675.4511045920663,675.571113938,675.8713109898381,675.9912663800642,676.0413054591045,676.1614445960149,676.4614095711149,676.5815372709185,676.6314482870512,676.7515690280125,676.8014096179977,675.1409533703234,None,,,,,,,,,,,,,,,,,,,,,,,,,,,,,,,,,,,,,,,,,,,,,,,,,,,,,,,,,,,,,,,,,162,1,2024_Feb_07_1325,Cognition2_FullCode1,2021.2.3,99.98276968329682,
/Users/shamslab/Desktop/Cognition2_FullExperimentFile/162_AudioBlock1.csv,/Users/shamslab/Desktop/Cognition2_FullExperimentFile/fullGoodSeqs_rhythm_shortVis_PracticeAudio.csv,,2,1,2,2,1,11,41,53,58,70,100,112,142,154,159,2_audFile.wav,10,2,1,2,1,2,2,1,11,41,53,58,70,100,112,142,154,159,2_audFile.wav,10,,1,1,,,1,2,171,201,2,171,201,2,,,,0,1,1,1,,,,,0,22,22,21,,,,,,,,,,,,,,,,,,,,,,,,,,,,,,,,,,,,,,,,,,,681.1426764377393,None,,,,,,,,,,,,,,,1,0.40577165596187115,684.8138028690591,None,684.8138028690591,None,,,,,,,,,677.9217705191113,None,678.101811343804,679.1021209540777,679.1320748198777,680.9926415439695,679.242184986826,679.5423722858541,679.6623157509603,679.7122337981127,679.8322797389701,680.1325123799033,680.252546059899,680.5524891470559,680.6726167500019,680.7225391957909,680.842721558176,None,679.2324058571364,None,682.453065586742,None,682.5630992189981,682.8632234530523,682.9833089648746,683.0332612930797,683.1533636068925,683.4534003129229,683.573381356895,683.8735353169031,683.99359564716,684.0435231178999,684.163573411759,684.463578548748,682.5530787575524,None,,,,,,,,,,,,,,,,,,,,,,,,,,,,,,,,,,,,,,,,,,,,,,,,,,,,,,,,,,,,,,,,,162,1,2024_Feb_07_1325,Cognition2_FullCode1,2021.2.3,99.98276968329682,
/Users/shamslab/Desktop/Cognition2_FullExperimentFile/162_AudioBlock1.csv,/Users/shamslab/Desktop/Cognition2_FullExperimentFile/fullGoodSeqs_rhythm_shortVis_PracticeAudio.csv,,2,1,2,2,1,11,41,53,58,70,100,112,142,154,159,2_audFile.wav,10,2,9,2,1,2,1,2,11,41,53,58,70,100,112,117,129,159,10_audFile.wav,10,,1,2,,,1,2,171,201,1,171,176,2,,,,0,1,1,1,,,,,0,23,23,1,,,,,,,,,,,,,,,,,,,,,,,,,,,,,,,,,,,,,,,,,,,688.4648790881038,None,,,,,,,,,,,,,,,2,0.2276286380365491,692.1359816570766,None,692.1359816570766,None,,,,,,,,,685.2437774688005,None,685.4239261071198,686.4241421371698,686.4542883327231,688.3148559140973,686.564263321925,686.8644263069145,686.9844151427969,687.0343745020218,687.1545500871725,687.4544347650371,687.5745418667793,687.8746249079704,687.9947543218732,688.0445691910572,688.1647147857584,None,686.5544334332924,None,689.7750979340635,None,689.8853578181006,690.1852080738172,690.3052450329997,690.3553671627305,690.4753558831289,690.775404273998,690.8955346341245,690.9455099599436,691.0657624839805,691.3655511308461,691.4858593870886,691.5356689537875,689.8753104651812,None,,,,,,,,,,,,,,,,,,,,,,,,,,,,,,,,,,,,,,,,,,,,,,,,,,,,,,,,,,,,,,,,,162,1,2024_Feb_07_1325,Cognition2_FullCode1,2021.2.3,99.98276968329682,
/Users/shamslab/Desktop/Cognition2_FullExperimentFile/162_AudioBlock1.csv,/Users/shamslab/Desktop/Cognition2_FullExperimentFile/fullGoodSeqs_rhythm_shortVis_PracticeAudio.csv,,1,2,2,1,2,11,16,28,58,70,100,112,117,129,159,5_audFile.wav,10,1,4,1,2,2,1,2,11,16,28,58,70,100,112,117,129,159,5_audFile.wav,10,,1,1,,,4,2,171,201,2,171,201,1,,,,0,1,1,1,,,,,0,24,24,3,,,,,,,,,,,,,,,,,,,,,,,,,,,,,,,,,,,,,,,,,,,695.6068183099851,None,,,,,,,,,,,,,,,1,0.9976469562388957,699.2779254498892,None,699.2779254498892,None,,,,,,,,,692.3859463720582,None,692.5660721617751,693.5661608469673,693.5962009350769,695.456816422753,693.7063236949034,693.7563112550415,693.8765147728845,694.176424105186,694.296524560079,694.5968980151229,694.7165691829287,694.7666170927696,694.8868292239495,695.1867066738196,695.3067925530486,None,693.6963346134405,None,696.9173040697351,None,697.027240165975,697.0773327858187,697.197296388913,697.4973998111673,697.6173157398589,697.9174521518871,698.0375406900421,698.0875132200308,698.2074868148193,698.5077354949899,698.6277299919166,698.9277332848869,697.0173303163144,None,,,,,,,,,,,,,,,,,,,,,,,,,,,,,,,,,,,,,,,,,,,,,,,,,,,,,,,,,,,,,,,,,162,1,2024_Feb_07_1325,Cognition2_FullCode1,2021.2.3,99.98276968329682,
/Users/shamslab/Desktop/Cognition2_FullExperimentFile/162_AudioBlock1.csv,/Users/shamslab/Desktop/Cognition2_FullExperimentFile/fullGoodSeqs_rhythm_shortVis_PracticeAudio.csv,,2,2,1,2,1,11,41,53,83,95,100,112,142,154,159,1_audFile.wav,10,3,8,2,2,1,1,2,11,41,53,83,95,100,112,117,129,159,9_audFile.wav,10,,1,2,,,0,2,171,201,1,171,176,3,,,,0,1,1,1,,,,,0,25,25,12,,,,,,,,,,,,,,,,,,,,,,,,,,,,,,,,,,,,,,,,,,,703.5190792367794,None,,,,,,,,,,,,,,,2,0.229495360981673,707.1901356931776,None,707.1901356931776,None,,,,,,,,,700.2982424348593,None,700.4782501799054,701.4785295487382,701.5083883930929,703.3689925377257,701.6185330040753,701.9186447910033,702.0386510090902,702.3387858481146,702.4587994040921,702.5087062339298,702.6288094320334,702.9290523789823,703.049049641937,703.099014883861,703.2189850881696,None,701.6086282045114,None,704.8293574280106,None,704.939529039897,705.2395887598395,705.3596711680293,705.6597104910761,705.7797637730837,705.829792900011,705.949767976068,705.9998300988227,706.1199132259935,706.4198540179059,706.5399644868448,706.5899538397789,704.9295987993944,None,,,,,,,,,,,,,,,,,,,,,,,,,,,,,,,,,,,,,,,,,,,,,,,,,,,,,,,,,,,,,,,,,162,1,2024_Feb_07_1325,Cognition2_FullCode1,2021.2.3,99.98276968329682,
/Users/shamslab/Desktop/Cognition2_FullExperimentFile/162_AudioBlock1.csv,/Users/shamslab/Desktop/Cognition2_FullExperimentFile/fullGoodSeqs_rhythm_shortVis_PracticeAudio.csv,,2,2,1,2,1,11,41,53,83,95,100,112,142,154,159,7_audFile.wav,10,3,0,2,2,1,2,1,11,41,53,83,95,100,112,142,154,159,1_audFile.wav,10,,1,2,,,6,1,171,176,2,171,201,3,,,,0,1,1,1,,,,,0,26,26,24,,,,,,,,,,,,,,,,,,,,,,,,,,,,,,,,,,,,,,,,,,,710.511083997786,None,,,,,,,,,,,,,,,1,0.32533889170736074,714.1822365587577,None,714.1822365587577,None,,,,,,,,,707.440128472168,None,707.6203521178104,708.6206917809322,708.6505375090055,None,708.7606345289387,709.0606525079347,709.1807891298085,709.4807518590242,709.6007561697625,709.6508364109322,709.7708928417414,710.0709157697856,710.19102593977,710.2408872391097,710.3610515659675,710.411072331015,708.7506285365205,None,711.8215988897718,None,711.931586117018,712.2315531298518,712.3515649870969,712.6517051998526,712.7718142587692,712.821709041018,712.9418084281497,713.2418630081229,713.3619868848473,713.4119170000777,713.5320612001233,713.8319821557961,711.9216382605489,None,,,,,,,,,,,,,,,,,,,,,,,,,,,,,,,,,,,,,,,,,,,,,,,,,,,,,,,,,,,,,,,,,162,1,2024_Feb_07_1325,Cognition2_FullCode1,2021.2.3,99.98276968329682,
/Users/shamslab/Desktop/Cognition2_FullExperimentFile/162_AudioBlock1.csv,/Users/shamslab/Desktop/Cognition2_FullExperimentFile/fullGoodSeqs_rhythm_shortVis_PracticeAudio.csv,,2,1,1,2,1,11,41,53,58,70,75,87,117,129,134,15_audFile.wav,10,2,14,2,1,1,2,1,11,41,53,58,70,75,87,117,129,134,15_audFile.wav,10,,1,1,,,14,2,146,176,2,146,176,2,,,,0,1,1,1,,,,,0,27,27,8,,,,,,,,,,,,,,,,,,,,,,,,,,,,,,,,,,,,,,,,,,,717.6032502581365,None,,,,,,,,,,,,,,,2,0.24137174943462014,721.2741966028698,None,721.2741966028698,None,,,,,,,,,714.5321983839385,None,714.7123853340745,715.7124924948439,715.7425138088875,None,715.8526057987474,716.1528812791221,716.2728125248104,716.3226595488377,716.4427982461639,716.4928526068106,716.6127672758885,716.9127988968976,717.0329561298713,717.0830364930443,717.202973280102,717.5030165878125,715.8426027395296,None,718.913591906894,None,719.0235166251659,719.3235748549923,719.4435805678368,719.4936734349467,719.6137074190192,719.6636160467751,719.7837485740893,720.0838336651213,720.2039899257943,720.253900968004,720.3739464851096,720.67393007176,719.0136734195519,None,,,,,,,,,,,,,,,,,,,,,,,,,,,,,,,,,,,,,,,,,,,,,,,,,,,,,,,,,,,,,,,,,162,1,2024_Feb_07_1325,Cognition2_FullCode1,2021.2.3,99.98276968329682,
/Users/shamslab/Desktop/Cognition2_FullExperimentFile/162_AudioBlock1.csv,/Users/shamslab/Desktop/Cognition2_FullExperimentFile/fullGoodSeqs_rhythm_shortVis_PracticeAudio.csv,,1,2,2,2,1,11,16,28,58,70,100,112,142,154,159,3_audFile.wav,10,1,12,1,2,1,2,2,11,16,28,58,70,75,87,117,129,159,13_audFile.wav,10,,1,2,,,2,2,171,201,1,171,176,1,,,,0,1,1,1,,,,,0,28,28,7,,,,,,,,,,,,,,,,,,,,,,,,,,,,,,,,,,,,,,,,,,,724.7652622717433,None,,,,,,,,,,,,,,,2,0.2952650082297623,728.4363044057973,None,728.4363044057973,None,,,,,,,,,721.5444203549996,None,721.734256612137,722.7344247968867,722.7544541629031,724.6150606567971,722.864613183774,722.9147635451518,723.0347908567637,723.3346931128763,723.4548186259344,723.7548138680868,723.8749575759284,724.1750417510048,724.2950790361501,724.3449665978551,724.4650676408783,None,722.854734574398,None,726.0755112757906,None,726.1855521160178,726.235582483001,726.3556219530292,726.6556648020633,726.7758580269292,726.825893315021,726.9458391019143,727.2457961859182,727.3660270930268,727.6660093558021,727.786182356067,727.8359739198349,726.1755835031624,None,,,,,,,,,,,,,,,,,,,,,,,,,,,,,,,,,,,,,,,,,,,,,,,,,,,,,,,,,,,,,,,,,162,1,2024_Feb_07_1325,Cognition2_FullCode1,2021.2.3,99.98276968329682,
/Users/shamslab/Desktop/Cognition2_FullExperimentFile/162_AudioBlock1.csv,/Users/shamslab/Desktop/Cognition2_FullExperimentFile/fullGoodSeqs_rhythm_shortVis_PracticeAudio.csv,,1,2,2,1,2,11,16,28,58,70,100,112,117,129,159,11_audFile.wav,10,1,10,1,2,2,1,2,11,16,28,58,70,100,112,117,129,159,11_audFile.wav,10,,1,1,,,10,1,171,176,1,171,176,1,,,,0,1,1,1,,,,,0,29,29,27,,,,,,,,,,,,,,,,,,,,,,,,,,,,,,,,,,,,,,,,,,,731.8272448689677,None,,,,,,,,,,,,,,,1,0.2733112801797688,735.4983353908174,None,735.4983353908174,None,,,,,,,,,728.756332510151,None,728.9363256837241,729.9366858620197,729.9665386849083,None,730.0767666157335,730.1266367719509,730.2468577260152,730.5469191209413,730.6668560439721,730.966954885982,731.0870217261836,731.1369277620688,731.2570469458587,731.5569867999293,731.677244679071,731.7271351190284,730.0667518041562,None,733.1376217701472,None,733.2475786418654,733.2976911421865,733.4176009218208,733.7176813217811,733.8377436930314,734.1378115010448,734.2578657581471,734.3077779849991,734.4279327588156,734.7279053577222,734.8481022231281,734.8980952738784,733.2376141924876,None,,,,,,,,,,,,,,,,,,,,,,,,,,,,,,,,,,,,,,,,,,,,,,,,,,,,,,,,,,,,,,,,,162,1,2024_Feb_07_1325,Cognition2_FullCode1,2021.2.3,99.98276968329682,
/Users/shamslab/Desktop/Cognition2_FullExperimentFile/162_AudioBlock1.csv,/Users/shamslab/Desktop/Cognition2_FullExperimentFile/fullGoodSeqs_rhythm_shortVis_PracticeAudio.csv,,2,1,2,1,2,11,41,53,58,70,100,112,117,129,159,10_audFile.wav,10,2,9,2,1,2,1,2,11,41,53,58,70,100,112,117,129,159,10_audFile.wav,10,,1,1,,,9,1,171,176,1,171,176,2,,,,0,1,1,1,,,,,0,30,30,0,,,,,,,,,,,,,,,,,,,,,,,,,,,,,,,,,,,,,,,,,,,738.8691840269603,None,,,,,,,,,,,,,,,1,0.3112004492431879,742.5403657029383,None,742.5403657029383,None,,,,,,,,,735.7982010049745,None,735.978318430949,736.9785401280969,737.0088780219667,None,737.1186726321466,737.4188973917626,737.5387953771278,737.5887462110259,737.7088278541341,738.0088838129304,738.1290110531263,738.1788790537976,738.2990434700623,738.5991526418366,738.7191801820882,738.7691215509549,737.1087284804787,None,740.1795383477584,None,740.2897078278475,740.589710497763,740.7097491221502,740.7597380387597,740.8798152990639,741.1798645760864,741.2998158279806,741.3500358299352,741.469989915844,741.7700571860187,741.8901293710805,741.9400688167661,740.2797495303209,None,,,,,,,,,,,,,,,,,,,,,,,,,,,,,,,,,,,,,,,,,,,,,,,,,,,,,,,,,,,,,,,,,162,1,2024_Feb_07_1325,Cognition2_FullCode1,2021.2.3,99.98276968329682,
/Users/shamslab/Desktop/Cognition2_FullExperimentFile/162_AudioBlock1.csv,/Users/shamslab/Desktop/Cognition2_FullExperimentFile/fullGoodSeqs_rhythm_shortVis_PracticeAudio.csv,,2,1,1,2,2,11,41,53,58,70,75,87,117,129,159,12_audFile.wav,10,2,7,2,1,2,2,1,11,41,53,58,70,100,112,142,154,159,8_audFile.wav,10,,1,2,,,11,1,171,176,1,171,176,2,,,,0,1,1,1,,,,,0,31,31,18,,,,,,,,,,,,,,,,,,,,,,,,,,,,,,,,,,,,,,,,,,,745.9512187917717,None,,,,,,,,,,,,,,,1,0.8291677730157971,749.6224017580971,None,749.6224017580971,None,,,,,,,,,742.8803847208619,None,743.0705080507323,744.0706190760247,744.0906670661643,None,744.2007770077325,744.5008093607612,744.6207650001161,744.670868691057,744.7909088209271,744.8408764051273,744.9609448411502,745.2610304118134,745.3811005917378,745.6810907199979,745.8012227057479,745.8511864249595,744.1907822782639,None,747.2615181570873,None,747.3715718267485,747.6717436290346,747.791708575096,747.8417199961841,747.9619102347642,748.2618350391276,748.3818890340626,748.6819997089915,748.802064397838,748.8519084081054,748.9720346080139,749.0220181900077,747.3616356732789,None,,,,,,,,,,,,,,,,,,,,,,,,,,,,,,,,,,,,,,,,,,,,,,,,,,,,,,,,,,,,,,,,,162,1,2024_Feb_07_1325,Cognition2_FullCode1,2021.2.3,99.98276968329682,
/Users/shamslab/Desktop/Cognition2_FullExperimentFile/162_AudioBlock1.csv,/Users/shamslab/Desktop/Cognition2_FullExperimentFile/fullGoodSeqs_rhythm_shortVis_PracticeAudio.csv,,,,,,,,,,,,,,,,,,,,,,,,,,,,,,,,,,,,,,,,,,,,,,,,,,,,,,0,1,1,1,,,,,,,,,,,,,,,,,,,,,,,,,,,,,,,,,,,,,,,,,,,,,,,,,,,,,,,,,,,,,,,,,,,,,,,,,,,,,,,,,,,,,,,,,,,,,,,,,,,,,,,,,,,,,,,,,,,,,750.474533943925,None,750.474533943925,None,,,,,,,,,,,,,,,,,,,,,,,,,,,,,,,,,,,,,,,,,,,,,,,,,,,,,,,,,,,,,162,1,2024_Feb_07_1325,Cognition2_FullCode1,2021.2.3,99.98276968329682,
,,,,,,,,,,,,,,,,,,,,,,,,,,,,,,,,,,,,,,,,,,,,,,,,,,,,,,,,,,,,,,,,,,,,,,,,,,,,,,,,,,,,,,,,,,,,,,,,,,,,,,,,,,,,,,,,,,,,,,,,,,,,,,,,,,,,,,,,,,,,,,,,,,,,,,,,,,,,,,,,,,,,,,,,,,,,,,,,,,,space,91.49762460961938,810.96994871879,None,,,,,,,,,,,,,,,,,,,,,,,,,,,,,,,,,,,,,,,,,,,,,,,,,,,,,,,,,162,1,2024_Feb_07_1325,Cognition2_FullCode1,2021.2.3,99.98276968329682,
,,,,,,,,,,,,,,,,,,,,,,,,,,,,,,,,,,,,,,,,,,,,,,,,,,,,,,,,,,,,,,,,,,,,,,,,,,,,,,,,,,,,,,,,,,,,,,,,,,,,,,,,,,,,,,,,,,,,,,,,,,,,,,,,,,,,,,,,,,,,,,,,,,,,,,,,,,,,,,,,,,,,,,,,,,,,,,,,,,,,,,,810.5696333870292,None,902.495932687074,None,space,15.977691944222897,902.6659992849454,None,,,,,,,,,,,,,,,,,,,,,,,,,,,,,,,,,,,,,,,,,,,,,,,,,162,1,2024_Feb_07_1325,Cognition2_FullCode1,2021.2.3,99.98276968329682,
,,,,,,,,,,,,,,,,,,,,,,,,,,,,,,,,,,,,,,,,,,,,,,,,,,,,/Users/shamslab/Desktop/Cognition2_FullExperimentFile/conditionFiles_SRT/162_visualblock.csv,V,335,,,,,,,,,,,,,0,0,0,1,0,0,0,9,,,,,,,,,,,,,,,,,,,,,,,,,,,,,,,,,,,,,,,,,,,,,,,,,,,,,,,,,,,,,,,,,,,,,,,,,,,,,,,,,,,,,,,,,,,,,,,,,,,,,,,,,,,,,,,,,,,,,919.1707045510411,None,space,3.82092692097649,919.2706976481713,None,923.1217351090163,None,927.9731778269634,927.983138574753,927.9632801855448,None,space,0.3024021596647799,927.9731778269634,None,None,924.6121940347366,927.9532263041474,924.6121940347366,None,928.3933672700077,None,928.3935278923716,928.5032307188958,,,,,,,,,,,,,,,,,,,,,,,,162,1,2024_Feb_07_1325,Cognition2_FullCode1,2021.2.3,99.98276968329682,
,,,,,,,,,,,,,,,,,,,,,,,,,,,,,,,,,,,,,,,,,,,,,,,,,,,,/Users/shamslab/Desktop/Cognition2_FullExperimentFile/conditionFiles_SRT/162_visualblock.csv,V,331,,,,,,,,,,,,,0,0,0,1,0,1,1,0,,,,,,,,,,,,,,,,,,,,,,,,,,,,,,,,,,,,,,,,,,,,,,,,,,,,,,,,,,,,,,,,,,,,,,,,,,,,,,,,,,,,,,,,,,,,,,,,,,,,,,,,,,,,,,,,,,,,,,,,,,,928.6934969951399,None,933.5046755080111,933.5147338877432,933.5048727695364,None,space,0.2588986260816455,933.5046755080111,None,None,930.1939119957387,933.494818888139,930.1939119957387,None,933.8649382540025,None,933.8650102493818,933.9747672239318,,,,,,,,,,,,,,,,,,,,,,,,162,1,2024_Feb_07_1325,Cognition2_FullCode1,2021.2.3,99.98276968329682,
,,,,,,,,,,,,,,,,,,,,,,,,,,,,,,,,,,,,,,,,,,,,,,,,,,,,/Users/shamslab/Desktop/Cognition2_FullExperimentFile/conditionFiles_SRT/162_visualblock.csv,V,307,,,,,,,,,,,,,0,0,0,1,0,2,2,22,,,,,,,,,,,,,,,,,,,,,,,,,,,,,,,,,,,,,,,,,,,,,,,,,,,,,,,,,,,,,,,,,,,,,,,,,,,,,,,,,,,,,,,,,,,,,,,,,,,,,,,,,,,,,,,,,,,,,,,,,,,934.1650477461517,None,938.7363489521667,938.7462429138832,938.7363538764882,None,space,0.2672135070897639,938.7363489521667,None,None,935.6653939159587,938.7262999950908,935.6653939159587,None,939.1062809810974,None,939.1063686031382,939.2162787420675,,,,,,,,,,,,,,,,,,,,,,,,162,1,2024_Feb_07_1325,Cognition2_FullCode1,2021.2.3,99.98276968329682,
,,,,,,,,,,,,,,,,,,,,,,,,,,,,,,,,,,,,,,,,,,,,,,,,,,,,/Users/shamslab/Desktop/Cognition2_FullExperimentFile/conditionFiles_SRT/162_visualblock.csv,V,159,,,,,,,,,,,,,0,0,0,1,0,3,3,10,,,,,,,,,,,,,,,,,,,,,,,,,,,,,,,,,,,,,,,,,,,,,,,,,,,,,,,,,,,,,,,,,,,,,,,,,,,,,,,,,,,,,,,,,,,,,,,,,,,,,,,,,,,,,,,,,,,,,,,,,,,939.4064392247237,None,942.4974163109437,942.5074215307832,942.4972650473471,None,space,0.2661704998463392,942.4974163109437,None,None,940.9068790017627,942.4872111659497,940.9068790017627,None,942.8674499318004,None,942.8673343262169,942.9773096721619,,,,,,,,,,,,,,,,,,,,,,,,162,1,2024_Feb_07_1325,Cognition2_FullCode1,2021.2.3,99.98276968329682,
,,,,,,,,,,,,,,,,,,,,,,,,,,,,,,,,,,,,,,,,,,,,,,,,,,,,/Users/shamslab/Desktop/Cognition2_FullExperimentFile/conditionFiles_SRT/162_visualblock.csv,V,264,,,,,,,,,,,,,0,0,0,1,0,4,4,11,,,,,,,,,,,,,,,,,,,,,,,,,,,,,,,,,,,,,,,,,,,,,,,,,,,,,,,,,,,,,,,,,,,,,,,,,,,,,,,,,,,,,,,,,,,,,,,,,,,,,,,,,,,,,,,,,,,,,,,,,,,943.1675294847228,None,947.3086974709295,947.3186959289014,947.3086846544873,None,space,0.21486525516957045,947.3086974709295,None,None,944.6678520231508,947.2986307730898,944.6678520231508,None,947.6287855529226,None,947.6286722765769,947.7387730209157,,,,,,,,,,,,,,,,,,,,,,,,162,1,2024_Feb_07_1325,Cognition2_FullCode1,2021.2.3,99.98276968329682,
,,,,,,,,,,,,,,,,,,,,,,,,,,,,,,,,,,,,,,,,,,,,,,,,,,,,/Users/shamslab/Desktop/Cognition2_FullExperimentFile/conditionFiles_SRT/162_visualblock.csv,V,364,,,,,,,,,,,,,0,0,0,1,0,5,5,20,,,,,,,,,,,,,,,,,,,,,,,,,,,,,,,,,,,,,,,,,,,,,,,,,,,,,,,,,,,,,,,,,,,,,,,,,,,,,,,,,,,,,,,,,,,,,,,,,,,,,,,,,,,,,,,,,,,,,,,,,,,947.9288039407693,None,953.0703777507879,953.0804084418342,953.070462954184,None,space,0.2772085997276008,953.0703777507879,None,None,949.4293663250282,953.0604090727866,949.4293663250282,None,953.4504803037271,None,953.4504539933521,953.5603665718809,,,,,,,,,,,,,,,,,,,,,,,,162,1,2024_Feb_07_1325,Cognition2_FullCode1,2021.2.3,99.98276968329682,
,,,,,,,,,,,,,,,,,,,,,,,,,,,,,,,,,,,,,,,,,,,,,,,,,,,,/Users/shamslab/Desktop/Cognition2_FullExperimentFile/conditionFiles_SRT/162_visualblock.csv,V,263,,,,,,,,,,,,,0,0,0,1,0,6,6,21,,,,,,,,,,,,,,,,,,,,,,,,,,,,,,,,,,,,,,,,,,,,,,,,,,,,,,,,,,,,,,,,,,,,,,,,,,,,,,,,,,,,,,,,,,,,,,,,,,,,,,,,,,,,,,,,,,,,,,,,,,,953.7505272971466,None,957.8817524160258,957.8918844661675,957.8818105593789,None,space,0.23386237490922213,957.8817524160258,None,None,955.2509180521592,957.8717566779815,955.2509180521592,None,958.2217960520647,None,958.2217474374454,958.3316763718612,,,,,,,,,,,,,,,,,,,,,,,,162,1,2024_Feb_07_1325,Cognition2_FullCode1,2021.2.3,99.98276968329682,
,,,,,,,,,,,,,,,,,,,,,,,,,,,,,,,,,,,,,,,,,,,,,,,,,,,,/Users/shamslab/Desktop/Cognition2_FullExperimentFile/conditionFiles_SRT/162_visualblock.csv,V,197,,,,,,,,,,,,,0,0,0,1,0,7,7,24,,,,,,,,,,,,,,,,,,,,,,,,,,,,,,,,,,,,,,,,,,,,,,,,,,,,,,,,,,,,,,,,,,,,,,,,,,,,,,,,,,,,,,,,,,,,,,,,,,,,,,,,,,,,,,,,,,,,,,,,,,,958.5218893191777,None,961.9929507318884,962.0028637298383,961.9929329123813,None,space,0.21061998838558793,961.9929507318884,None,None,960.0223066578619,961.9828790309839,960.0223066578619,None,962.322976925876,None,962.3229769733268,962.4330437351018,,,,,,,,,,,,,,,,,,,,,,,,162,1,2024_Feb_07_1325,Cognition2_FullCode1,2021.2.3,99.98276968329682,
,,,,,,,,,,,,,,,,,,,,,,,,,,,,,,,,,,,,,,,,,,,,,,,,,,,,/Users/shamslab/Desktop/Cognition2_FullExperimentFile/conditionFiles_SRT/162_visualblock.csv,V,99,,,,,,,,,,,,,0,0,0,1,0,8,8,18,,,,,,,,,,,,,,,,,,,,,,,,,,,,,,,,,,,,,,,,,,,,,,,,,,,,,,,,,,,,,,,,,,,,,,,,,,,,,,,,,,,,,,,,,,,,,,,,,,,,,,,,,,,,,,,,,,,,,,,,,,,962.6230603870936,None,965.1138992961496,965.1236982177943,965.1137629812117,None,space,0.24166934518143535,965.1138992961496,None,None,964.1236179289408,965.1037090998143,964.1236179289408,None,965.4638723940589,None,965.463893771125,965.5739514008164,,,,,,,,,,,,,,,,,,,,,,,,162,1,2024_Feb_07_1325,Cognition2_FullCode1,2021.2.3,99.98276968329682,
,,,,,,,,,,,,,,,,,,,,,,,,,,,,,,,,,,,,,,,,,,,,,,,,,,,,/Users/shamslab/Desktop/Cognition2_FullExperimentFile/conditionFiles_SRT/162_visualblock.csv,V,320,,,,,,,,,,,,,0,0,0,1,0,9,9,8,,,,,,,,,,,,,,,,,,,,,,,,,,,,,,,,,,,,,,,,,,,,,,,,,,,,,,,,,,,,,,,,,,,,,,,,,,,,,,,,,,,,,,,,,,,,,,,,,,,,,,,,,,,,,,,,,,,,,,,,,,,965.7640249510296,None,970.4652939317748,970.4753331919201,970.4654316654894,None,space,0.21834263810887933,970.4652939317748,None,None,967.2643993361853,970.455377784092,967.2643993361853,None,970.7852463158779,None,970.7853757072705,970.8953201421537,,,,,,,,,,,,,,,,,,,,,,,,162,1,2024_Feb_07_1325,Cognition2_FullCode1,2021.2.3,99.98276968329682,
,,,,,,,,,,,,,,,,,,,,,,,,,,,,,,,,,,,,,,,,,,,,,,,,,,,,/Users/shamslab/Desktop/Cognition2_FullExperimentFile/conditionFiles_SRT/162_visualblock.csv,V,373,,,,,,,,,,,,,0,0,0,1,0,10,10,27,,,,,,,,,,,,,,,,,,,,,,,,,,,,,,,,,,,,,,,,,,,,,,,,,,,,,,,,,,,,,,,,,,,,,,,,,,,,,,,,,,,,,,,,,,,,,,,,,,,,,,,,,,,,,,,,,,,,,,,,,,,971.0854641739279,None,976.3169574011117,976.3269344349392,976.3169434582348,None,space,0.2546270531602204,976.3169574011117,None,None,972.585920075886,976.3068895768374,972.585920075886,None,976.6770357857458,None,976.6770266452338,976.7870260179043,,,,,,,,,,,,,,,,,,,,,,,,162,1,2024_Feb_07_1325,Cognition2_FullCode1,2021.2.3,99.98276968329682,
,,,,,,,,,,,,,,,,,,,,,,,,,,,,,,,,,,,,,,,,,,,,,,,,,,,,/Users/shamslab/Desktop/Cognition2_FullExperimentFile/conditionFiles_SRT/162_visualblock.csv,V,274,,,,,,,,,,,,,0,0,0,1,0,11,11,6,,,,,,,,,,,,,,,,,,,,,,,,,,,,,,,,,,,,,,,,,,,,,,,,,,,,,,,,,,,,,,,,,,,,,,,,,,,,,,,,,,,,,,,,,,,,,,,,,,,,,,,,,,,,,,,,,,,,,,,,,,,976.9771509650163,None,981.2184777129441,981.2285316591151,981.2184569951612,None,space,0.23316615307703614,981.2184777129441,None,None,978.4775964510627,981.2084031137638,978.4775964510627,None,981.5585486241616,None,981.5584818245377,981.6684399037622,,,,,,,,,,,,,,,,,,,,,,,,162,1,2024_Feb_07_1325,Cognition2_FullCode1,2021.2.3,99.98276968329682,
,,,,,,,,,,,,,,,,,,,,,,,,,,,,,,,,,,,,,,,,,,,,,,,,,,,,/Users/shamslab/Desktop/Cognition2_FullExperimentFile/conditionFiles_SRT/162_visualblock.csv,V,369,,,,,,,,,,,,,0,0,0,1,0,12,12,15,,,,,,,,,,,,,,,,,,,,,,,,,,,,,,,,,,,,,,,,,,,,,,,,,,,,,,,,,,,,,,,,,,,,,,,,,,,,,,,,,,,,,,,,,,,,,,,,,,,,,,,,,,,,,,,,,,,,,,,,,,,981.8586266841739,None,987.0500342780724,987.0601148218848,987.0501996464561,None,space,0.24151284201070666,987.0500342780724,None,None,983.3590073608793,987.0401457650587,983.3590073608793,None,987.4003395601176,None,987.4000788735691,987.510104117915,,,,,,,,,,,,,,,,,,,,,,,,162,1,2024_Feb_07_1325,Cognition2_FullCode1,2021.2.3,99.98276968329682,
,,,,,,,,,,,,,,,,,,,,,,,,,,,,,,,,,,,,,,,,,,,,,,,,,,,,/Users/shamslab/Desktop/Cognition2_FullExperimentFile/conditionFiles_SRT/162_visualblock.csv,V,233,,,,,,,,,,,,,0,0,0,1,0,13,13,12,,,,,,,,,,,,,,,,,,,,,,,,,,,,,,,,,,,,,,,,,,,,,,,,,,,,,,,,,,,,,,,,,,,,,,,,,,,,,,,,,,,,,,,,,,,,,,,,,,,,,,,,,,,,,,,,,,,,,,,,,,,987.7001829808578,None,991.5313790980726,991.5413884799927,991.5313385542947,None,space,0.25623910687863827,991.5313790980726,None,None,989.2007413390093,991.5212846728973,989.2007413390093,None,991.8913487130776,None,991.8914151023607,992.0013621118851,,,,,,,,,,,,,,,,,,,,,,,,162,1,2024_Feb_07_1325,Cognition2_FullCode1,2021.2.3,99.98276968329682,
,,,,,,,,,,,,,,,,,,,,,,,,,,,,,,,,,,,,,,,,,,,,,,,,,,,,/Users/shamslab/Desktop/Cognition2_FullExperimentFile/conditionFiles_SRT/162_visualblock.csv,V,79,,,,,,,,,,,,,0,0,0,1,0,14,14,3,,,,,,,,,,,,,,,,,,,,,,,,,,,,,,,,,,,,,,,,,,,,,,,,,,,,,,,,,,,,,,,,,,,,,,,,,,,,,,,,,,,,,,,,,,,,,,,,,,,,,,,,,,,,,,,,,,,,,,,,,,,992.1915821027942,None,994.4822330358438,994.4922921708785,994.482236114284,None,space,0.23340342100709677,994.4822330358438,None,None,993.6919443267398,994.4721822328866,993.6919443267398,None,994.8222197210416,None,994.8222438711207,994.9322251067497,,,,,,,,,,,,,,,,,,,,,,,,162,1,2024_Feb_07_1325,Cognition2_FullCode1,2021.2.3,99.98276968329682,
,,,,,,,,,,,,,,,,,,,,,,,,,,,,,,,,,,,,,,,,,,,,,,,,,,,,/Users/shamslab/Desktop/Cognition2_FullExperimentFile/conditionFiles_SRT/162_visualblock.csv,V,302,,,,,,,,,,,,,0,0,0,1,0,15,15,14,,,,,,,,,,,,,,,,,,,,,,,,,,,,,,,,,,,,,,,,,,,,,,,,,,,,,,,,,,,,,,,,,,,,,,,,,,,,,,,,,,,,,,,,,,,,,,,,,,,,,,,,,,,,,,,,,,,,,,,,,,,995.1223773187958,None,999.6437134379521,999.6536571071483,999.6437149554956,None,space,0.2398873819038272,999.6437134379521,None,None,996.6228016819805,999.6336610740982,996.6228016819805,None,999.9836316560395,None,999.9836474991869,1000.0935639208183,,,,,,,,,,,,,,,,,,,,,,,,162,1,2024_Feb_07_1325,Cognition2_FullCode1,2021.2.3,99.98276968329682,
,,,,,,,,,,,,,,,,,,,,,,,,,,,,,,,,,,,,,,,,,,,,,,,,,,,,/Users/shamslab/Desktop/Cognition2_FullExperimentFile/conditionFiles_SRT/162_visualblock.csv,V,312,,,,,,,,,,,,,0,0,0,1,0,16,16,7,,,,,,,,,,,,,,,,,,,,,,,,,,,,,,,,,,,,,,,,,,,,,,,,,,,,,,,,,,,,,,,,,,,,,,,,,,,,,,,,,,,,,,,,,,,,,,,,,,,,,,,,,,,,,,,,,,,,,,,,,,,1000.2837709607556,None,1004.9051194237545,1004.915160219185,1004.9052278301212,None,space,0.21044865902513266,1004.9051194237545,None,None,1001.7842424861155,1004.8951739487238,1001.7842424861155,None,1005.2351549449377,None,1005.235180344386,1005.3452191697434,,,,,,,,,,,,,,,,,,,,,,,,162,1,2024_Feb_07_1325,Cognition2_FullCode1,2021.2.3,99.98276968329682,
,,,,,,,,,,,,,,,,,,,,,,,,,,,,,,,,,,,,,,,,,,,,,,,,,,,,/Users/shamslab/Desktop/Cognition2_FullExperimentFile/conditionFiles_SRT/162_visualblock.csv,V,311,,,,,,,,,,,,,0,0,0,1,0,17,17,23,,,,,,,,,,,,,,,,,,,,,,,,,,,,,,,,,,,,,,,,,,,,,,,,,,,,,,,,,,,,,,,,,,,,,,,,,,,,,,,,,,,,,,,,,,,,,,,,,,,,,,,,,,,,,,,,,,,,,,,,,,,1005.5354023878463,None,1010.146685637068,1010.1566613619216,1010.1466569262091,None,space,0.17688188515603542,1010.146685637068,None,None,1007.0357563621365,1010.1366030448116,1007.0357563621365,None,1010.426653910894,None,1010.4268545894417,1010.5367023968138,,,,,,,,,,,,,,,,,,,,,,,,162,1,2024_Feb_07_1325,Cognition2_FullCode1,2021.2.3,99.98276968329682,
,,,,,,,,,,,,,,,,,,,,,,,,,,,,,,,,,,,,,,,,,,,,,,,,,,,,/Users/shamslab/Desktop/Cognition2_FullExperimentFile/conditionFiles_SRT/162_visualblock.csv,V,122,,,,,,,,,,,,,0,0,0,1,0,18,18,5,,,,,,,,,,,,,,,,,,,,,,,,,,,,,,,,,,,,,,,,,,,,,,,,,,,,,,,,,,,,,,,,,,,,,,,,,,,,,,,,,,,,,,,,,,,,,,,,,,,,,,,,,,,,,,,,,,,,,,,,,,,1010.7268153559417,None,1013.4475359860808,1013.4575698049739,1013.4475710633676,None,space,0.22805162612348795,1013.4475359860808,None,None,1012.2272143508308,1013.4375171819702,1012.2272143508308,None,1013.7777132648043,None,1013.77758357157,1013.8875677897595,,,,,,,,,,,,,,,,,,,,,,,,162,1,2024_Feb_07_1325,Cognition2_FullCode1,2021.2.3,99.98276968329682,
,,,,,,,,,,,,,,,,,,,,,,,,,,,,,,,,,,,,,,,,,,,,,,,,,,,,/Users/shamslab/Desktop/Cognition2_FullExperimentFile/conditionFiles_SRT/162_visualblock.csv,V,76,,,,,,,,,,,,,0,0,0,1,0,19,19,13,,,,,,,,,,,,,,,,,,,,,,,,,,,,,,,,,,,,,,,,,,,,,,,,,,,,,,,,,,,,,,,,,,,,,,,,,,,,,,,,,,,,,,,,,,,,,,,,,,,,,,,,,,,,,,,,,,,,,,,,,,,1014.0777437468059,None,1016.3385154837742,1016.3483863859437,1016.3384706712793,None,space,0.24906411301344633,1016.3385154837742,None,None,1015.5782320671715,1016.3284167898819,1015.5782320671715,None,1016.688557762187,None,1016.6884930533822,1016.7985160127282,,,,,,,,,,,,,,,,,,,,,,,,162,1,2024_Feb_07_1325,Cognition2_FullCode1,2021.2.3,99.98276968329682,
,,,,,,,,,,,,,,,,,,,,,,,,,,,,,,,,,,,,,,,,,,,,,,,,,,,,/Users/shamslab/Desktop/Cognition2_FullExperimentFile/conditionFiles_SRT/162_visualblock.csv,V,215,,,,,,,,,,,,,0,0,0,1,0,20,20,17,,,,,,,,,,,,,,,,,,,,,,,,,,,,,,,,,,,,,,,,,,,,,,,,,,,,,,,,,,,,,,,,,,,,,,,,,,,,,,,,,,,,,,,,,,,,,,,,,,,,,,,,,,,,,,,,,,,,,,,,,,,1016.988608093001,None,1020.6397247891873,1020.6497091110796,1020.639700673474,None,space,0.22787176305428147,1020.6397247891873,None,None,1018.4890128788538,1020.6296467920765,1018.4890128788538,None,1020.969884108752,None,1020.9697212343569,1021.0796675127931,,,,,,,,,,,,,,,,,,,,,,,,162,1,2024_Feb_07_1325,Cognition2_FullCode1,2021.2.3,99.98276968329682,
,,,,,,,,,,,,,,,,,,,,,,,,,,,,,,,,,,,,,,,,,,,,,,,,,,,,/Users/shamslab/Desktop/Cognition2_FullExperimentFile/conditionFiles_SRT/162_visualblock.csv,V,203,,,,,,,,,,,,,0,0,0,1,0,21,21,28,,,,,,,,,,,,,,,,,,,,,,,,,,,,,,,,,,,,,,,,,,,,,,,,,,,,,,,,,,,,,,,,,,,,,,,,,,,,,,,,,,,,,,,,,,,,,,,,,,,,,,,,,,,,,,,,,,,,,,,,,,,1021.2698739347979,None,1024.800842708908,1024.8107032468542,1024.800752188498,None,space,0.09071632428094745,1024.800842708908,None,None,1022.770188673865,1024.7906983071007,1022.770188673865,None,1025.010880487971,None,1025.0108829643111,1025.1207743138075,,,,,,,,,,,,,,,,,,,,,,,,162,1,2024_Feb_07_1325,Cognition2_FullCode1,2021.2.3,99.98276968329682,
,,,,,,,,,,,,,,,,,,,,,,,,,,,,,,,,,,,,,,,,,,,,,,,,,,,,/Users/shamslab/Desktop/Cognition2_FullExperimentFile/conditionFiles_SRT/162_visualblock.csv,V,187,,,,,,,,,,,,,0,0,0,1,0,22,22,25,,,,,,,,,,,,,,,,,,,,,,,,,,,,,,,,,,,,,,,,,,,,,,,,,,,,,,,,,,,,,,,,,,,,,,,,,,,,,,,,,,,,,,,,,,,,,,,,,,,,,,,,,,,,,,,,,,,,,,,,,,,1025.3109291219153,None,1028.68195606675,1028.6918778917752,1028.682002847502,None,space,0.2256249189376831,1028.68195606675,None,None,1026.8113369988278,1028.6719489661045,1026.8113369988278,None,1029.012007302139,None,1029.0119540984276,1029.1220792769454,,,,,,,,,,,,,,,,,,,,,,,,162,1,2024_Feb_07_1325,Cognition2_FullCode1,2021.2.3,99.98276968329682,
,,,,,,,,,,,,,,,,,,,,,,,,,,,,,,,,,,,,,,,,,,,,,,,,,,,,/Users/shamslab/Desktop/Cognition2_FullExperimentFile/conditionFiles_SRT/162_visualblock.csv,V,114,,,,,,,,,,,,,0,0,0,1,0,23,23,29,,,,,,,,,,,,,,,,,,,,,,,,,,,,,,,,,,,,,,,,,,,,,,,,,,,,,,,,,,,,,,,,,,,,,,,,,,,,,,,,,,,,,,,,,,,,,,,,,,,,,,,,,,,,,,,,,,,,,,,,,,,1029.3121227109805,None,1031.9528472349048,1031.9628650709055,1031.952860173257,None,space,0.2106962469406426,1031.9528472349048,None,None,1030.8126367568038,1031.9428062918596,1030.8126367568038,None,1032.2829311508685,None,1032.2829664223361,1032.392844316084,,,,,,,,,,,,,,,,,,,,,,,,162,1,2024_Feb_07_1325,Cognition2_FullCode1,2021.2.3,99.98276968329682,
,,,,,,,,,,,,,,,,,,,,,,,,,,,,,,,,,,,,,,,,,,,,,,,,,,,,/Users/shamslab/Desktop/Cognition2_FullExperimentFile/conditionFiles_SRT/162_visualblock.csv,V,69,,,,,,,,,,,,,0,0,0,1,0,24,24,4,,,,,,,,,,,,,,,,,,,,,,,,,,,,,,,,,,,,,,,,,,,,,,,,,,,,,,,,,,,,,,,,,,,,,,,,,,,,,,,,,,,,,,,,,,,,,,,,,,,,,,,,,,,,,,,,,,,,,,,,,,,1032.5831228797324,None,1034.7736063990742,1034.7837419160642,1034.773812127253,None,space,0.20599172404035926,1034.7736063990742,None,None,1034.0834641898982,1034.7637582458556,1034.0834641898982,None,1035.0837315488607,None,1035.083723785309,1035.1935733449645,,,,,,,,,,,,,,,,,,,,,,,,162,1,2024_Feb_07_1325,Cognition2_FullCode1,2021.2.3,99.98276968329682,
,,,,,,,,,,,,,,,,,,,,,,,,,,,,,,,,,,,,,,,,,,,,,,,,,,,,/Users/shamslab/Desktop/Cognition2_FullExperimentFile/conditionFiles_SRT/162_visualblock.csv,V,135,,,,,,,,,,,,,0,0,0,1,0,25,25,16,,,,,,,,,,,,,,,,,,,,,,,,,,,,,,,,,,,,,,,,,,,,,,,,,,,,,,,,,,,,,,,,,,,,,,,,,,,,,,,,,,,,,,,,,,,,,,,,,,,,,,,,,,,,,,,,,,,,,,,,,,,1035.3838343238458,None,1038.2346213459969,1038.2446349379607,1038.2348350905347,None,space,0.20895432215183973,1038.2346213459969,None,None,1036.8844149159268,1038.2247812091373,1036.8844149159268,None,1038.544681853149,None,1038.5446900501381,1038.654686019756,,,,,,,,,,,,,,,,,,,,,,,,162,1,2024_Feb_07_1325,Cognition2_FullCode1,2021.2.3,99.98276968329682,
,,,,,,,,,,,,,,,,,,,,,,,,,,,,,,,,,,,,,,,,,,,,,,,,,,,,/Users/shamslab/Desktop/Cognition2_FullExperimentFile/conditionFiles_SRT/162_visualblock.csv,V,105,,,,,,,,,,,,,0,0,0,1,0,26,26,26,,,,,,,,,,,,,,,,,,,,,,,,,,,,,,,,,,,,,,,,,,,,,,,,,,,,,,,,,,,,,,,,,,,,,,,,,,,,,,,,,,,,,,,,,,,,,,,,,,,,,,,,,,,,,,,,,,,,,,,,,,,1038.8447958328761,None,1041.3954914379865,1041.4055838868953,1041.3956755692604,None,space,0.20007730182260275,1041.3954914379865,None,None,1040.3454023967497,1041.385621687863,1040.3454023967497,None,1041.7156345080584,None,1041.7155976001638,1041.8255645949394,,,,,,,,,,,,,,,,,,,,,,,,162,1,2024_Feb_07_1325,Cognition2_FullCode1,2021.2.3,99.98276968329682,
,,,,,,,,,,,,,,,,,,,,,,,,,,,,,,,,,,,,,,,,,,,,,,,,,,,,/Users/shamslab/Desktop/Cognition2_FullExperimentFile/conditionFiles_SRT/162_visualblock.csv,V,369,,,,,,,,,,,,,0,0,0,1,0,27,27,19,,,,,,,,,,,,,,,,,,,,,,,,,,,,,,,,,,,,,,,,,,,,,,,,,,,,,,,,,,,,,,,,,,,,,,,,,,,,,,,,,,,,,,,,,,,,,,,,,,,,,,,,,,,,,,,,,,,,,,,,,,,1042.0157764460891,None,None,None,None,None,None,,None,None,space,1043.5161193348467,None,1043.5161193348467,None,1046.3570319870487,None,1046.356886796141,1046.867053873837,2.7114493078552186,,,,,,,,,,,,,,,,,,,,,,,162,1,2024_Feb_07_1325,Cognition2_FullCode1,2021.2.3,99.98276968329682,
,,,,,,,,,,,,,,,,,,,,,,,,,,,,,,,,,,,,,,,,,,,,,,,,,,,,/Users/shamslab/Desktop/Cognition2_FullExperimentFile/conditionFiles_SRT/162_visualblock.csv,V,339,,,,,,,,,,,,,0,0,0,1,0,28,28,1,,,,,,,,,,,,,,,,,,,,,,,,,,,,,,,,,,,,,,,,,,,,,,,,,,,,,,,,,,,,,,,,,,,,,,,,,,,,,,,,,,,,,,,,,,,,,,,,,,,,,,,,,,,,,,,,,,,,,,,,,,,1048.3575931461528,None,1053.2489782390185,1053.258984834887,1053.2489847144577,None,space,0.2665808480232954,1053.2489782390185,None,None,1049.8580511119217,1053.2389308330603,1049.8580511119217,None,1053.6189390341751,None,1053.6190238962415,1053.7290916508064,,,,,,,,,,,,,,,,,,,,,,,,162,1,2024_Feb_07_1325,Cognition2_FullCode1,2021.2.3,99.98276968329682,
,,,,,,,,,,,,,,,,,,,,,,,,,,,,,,,,,,,,,,,,,,,,,,,,,,,,/Users/shamslab/Desktop/Cognition2_FullExperimentFile/conditionFiles_SRT/162_visualblock.csv,V,260,,,,,,,,,,,,,0,0,0,1,0,29,29,2,,,,,,,,,,,,,,,,,,,,,,,,,,,,,,,,,,,,,,,,,,,,,,,,,,,,,,,,,,,,,,,,,,,,,,,,,,,,,,,,,,,,,,,,,,,,,,,,,,,,,,,,,,,,,,,,,,,,,,,,,,,1053.9192360858433,None,1058.0202471087687,1058.030358670745,1058.020363192493,None,space,0.23132130363956094,1058.0202471087687,None,None,1055.4195659859106,1058.0103093110956,1055.4195659859106,None,1058.3702983818948,None,1058.3703350731637,1058.4802583889104,,,,,,,,,,,,,,,,,,,,,,,,162,1,2024_Feb_07_1325,Cognition2_FullCode1,2021.2.3,99.98276968329682,
,,,,,,,,,,,,,,,,,,,,,,,,,,,,,,,,,,,,,,,,,,,,,,,,,,,,/Users/shamslab/Desktop/Cognition2_FullExperimentFile/conditionFiles_SRT/162_visualblock.csv,,,,,,,,,,,,,,,0,0,0,1,,,,,,,,,,,,,,,,,,,,,,,,,,,,,,,,,,,,,,,,,,,,,,,,,,,,,,,,,,,,,,,,,,,,,,,,,,,,,,,,,,,,,,,,,,,,,,,,,,,,,,,,,,,,,,,,,,,,,,,,,,,,,,,,,,,,,,,,,,,,,,,,,,,,,,,,,,,,,,,,,,,,,,,,,162,1,2024_Feb_07_1325,Cognition2_FullCode1,2021.2.3,99.98276968329682,
,,,,,,,,,,,,,,,,,,,,,,,,,,,,,,,,,,,,,,,,,,,,,,,,,,,,/Users/shamslab/Desktop/Cognition2_FullExperimentFile/conditionFiles_SRT/162_audioblock.csv,A,303,,,,,,,,,,,,,0,1,1,0,0,0,0,26,,,,,,,,,,,,,,,,,,,,,,,,,,,,,,,,,,,,,,,,,,,,,,,,,,,,,,,,,,,,,,,,,,,,,,,,,,,,,,,,,,,,,,,,,,,,,,,,,,,,,,,,,,,,,,,,,,,,,1059.160536639858,None,space,2.3910134797915816,1059.260554320179,None,1061.6912866868079,None,1066.2227585278451,1066.2327148108743,1066.222674058238,None,space,0.20481271343305707,1066.2227585278451,None,None,1063.19183457084,1066.2126201768406,1063.19183457084,None,1066.5326475161128,None,1066.532679770561,1066.64264479978,,,,,,,,,,,,,,,,,,,,,,,,162,1,2024_Feb_07_1325,Cognition2_FullCode1,2021.2.3,99.98276968329682,
,,,,,,,,,,,,,,,,,,,,,,,,,,,,,,,,,,,,,,,,,,,,,,,,,,,,/Users/shamslab/Desktop/Cognition2_FullExperimentFile/conditionFiles_SRT/162_audioblock.csv,A,283,,,,,,,,,,,,,0,1,1,0,0,1,1,8,,,,,,,,,,,,,,,,,,,,,,,,,,,,,,,,,,,,,,,,,,,,,,,,,,,,,,,,,,,,,,,,,,,,,,,,,,,,,,,,,,,,,,,,,,,,,,,,,,,,,,,,,,,,,,,,,,,,,,,,,,,1066.8328834599815,None,1071.1640541190282,1071.1741394638084,1071.1640602685045,None,space,0.19151481799781322,1071.1640541190282,None,None,1068.3333374657668,1071.154006387107,1068.3333374657668,None,1071.474158179015,None,1071.4740562401246,1071.5840291278437,,,,,,,,,,,,,,,,,,,,,,,,162,1,2024_Feb_07_1325,Cognition2_FullCode1,2021.2.3,99.98276968329682,
,,,,,,,,,,,,,,,,,,,,,,,,,,,,,,,,,,,,,,,,,,,,,,,,,,,,/Users/shamslab/Desktop/Cognition2_FullExperimentFile/conditionFiles_SRT/162_audioblock.csv,A,50,,,,,,,,,,,,,0,1,1,0,0,2,2,4,,,,,,,,,,,,,,,,,,,,,,,,,,,,,,,,,,,,,,,,,,,,,,,,,,,,,,,,,,,,,,,,,,,,,,,,,,,,,,,,,,,,,,,,,,,,,,,,,,,,,,,,,,,,,,,,,,,,,,,,,,,1071.774320765864,None,1073.774823838845,1073.784835095983,1073.7746792691294,None,space,0.2287372089922428,1073.774823838845,None,None,1073.2747590937652,1073.764625387732,1073.2747590937652,None,1074.1049194778316,None,1074.1048280205111,1074.2148817847483,,,,,,,,,,,,,,,,,,,,,,,,162,1,2024_Feb_07_1325,Cognition2_FullCode1,2021.2.3,99.98276968329682,
,,,,,,,,,,,,,,,,,,,,,,,,,,,,,,,,,,,,,,,,,,,,,,,,,,,,/Users/shamslab/Desktop/Cognition2_FullExperimentFile/conditionFiles_SRT/162_audioblock.csv,A,392,,,,,,,,,,,,,0,1,1,0,0,3,3,10,,,,,,,,,,,,,,,,,,,,,,,,,,,,,,,,,,,,,,,,,,,,,,,,,,,,,,,,,,,,,,,,,,,,,,,,,,,,,,,,,,,,,,,,,,,,,,,,,,,,,,,,,,,,,,,,,,,,,,,,,,,1074.404994343873,None,1079.8265135590918,1079.8364272951148,1079.826511586504,None,space,0.20102026220411062,1079.8265135590918,None,None,1075.905492220074,1079.8164577051066,1075.905492220074,None,1080.1466772491112,None,1080.1465170974377,1080.2566762720235,,,,,,,,,,,,,,,,,,,,,,,,162,1,2024_Feb_07_1325,Cognition2_FullCode1,2021.2.3,99.98276968329682,
,,,,,,,,,,,,,,,,,,,,,,,,,,,,,,,,,,,,,,,,,,,,,,,,,,,,/Users/shamslab/Desktop/Cognition2_FullExperimentFile/conditionFiles_SRT/162_audioblock.csv,A,80,,,,,,,,,,,,,0,1,1,0,0,4,4,28,,,,,,,,,,,,,,,,,,,,,,,,,,,,,,,,,,,,,,,,,,,,,,,,,,,,,,,,,,,,,,,,,,,,,,,,,,,,,,,,,,,,,,,,,,,,,,,,,,,,,,,,,,,,,,,,,,,,,,,,,,,1080.446643826086,None,1082.7473914078437,1082.7573464661837,1082.7474614851642,None,space,0.20018708892166615,1082.7473914078437,None,None,1081.947177627124,1082.7374076037668,1081.947177627124,None,1083.0675787860528,None,1083.067457867274,1083.1773743620142,,,,,,,,,,,,,,,,,,,,,,,,162,1,2024_Feb_07_1325,Cognition2_FullCode1,2021.2.3,99.98276968329682,
,,,,,,,,,,,,,,,,,,,,,,,,,,,,,,,,,,,,,,,,,,,,,,,,,,,,/Users/shamslab/Desktop/Cognition2_FullExperimentFile/conditionFiles_SRT/162_audioblock.csv,A,190,,,,,,,,,,,,,0,1,1,0,0,5,5,23,,,,,,,,,,,,,,,,,,,,,,,,,,,,,,,,,,,,,,,,,,,,,,,,,,,,,,,,,,,,,,,,,,,,,,,,,,,,,,,,,,,,,,,,,,,,,,,,,,,,,,,,,,,,,,,,,,,,,,,,,,,1083.3675997429527,None,1086.768556450028,1086.7784509221092,1086.7684132824186,None,space,0.15504350699484348,1086.768556450028,None,None,1084.867981794756,1086.7583594010212,1084.867981794756,None,1087.0285163060762,None,1087.0285193612333,1087.1386501397938,,,,,,,,,,,,,,,,,,,,,,,,162,1,2024_Feb_07_1325,Cognition2_FullCode1,2021.2.3,99.98276968329682,
,,,,,,,,,,,,,,,,,,,,,,,,,,,,,,,,,,,,,,,,,,,,,,,,,,,,/Users/shamslab/Desktop/Cognition2_FullExperimentFile/conditionFiles_SRT/162_audioblock.csv,A,398,,,,,,,,,,,,,0,1,1,0,0,6,6,24,,,,,,,,,,,,,,,,,,,,,,,,,,,,,,,,,,,,,,,,,,,,,,,,,,,,,,,,,,,,,,,,,,,,,,,,,,,,,,,,,,,,,,,,,,,,,,,,,,,,,,,,,,,,,,,,,,,,,,,,,,,1087.328752100002,None,1092.8101784591563,1092.8203500788659,1092.8103221011813,None,space,0.16140053002163768,1092.8101784591563,None,None,1088.829104679171,1092.800268219784,1088.829104679171,None,1093.090322008822,None,1093.0902271945495,1093.200256693177,,,,,,,,,,,,,,,,,,,,,,,,162,1,2024_Feb_07_1325,Cognition2_FullCode1,2021.2.3,99.98276968329682,
,,,,,,,,,,,,,,,,,,,,,,,,,,,,,,,,,,,,,,,,,,,,,,,,,,,,/Users/shamslab/Desktop/Cognition2_FullExperimentFile/conditionFiles_SRT/162_audioblock.csv,A,379,,,,,,,,,,,,,0,1,1,0,0,7,7,5,,,,,,,,,,,,,,,,,,,,,,,,,,,,,,,,,,,,,,,,,,,,,,,,,,,,,,,,,,,,,,,,,,,,,,,,,,,,,,,,,,,,,,,,,,,,,,,,,,,,,,,,,,,,,,,,,,,,,,,,,,,1093.3904270129278,None,1098.6820121388882,1098.6919693499804,1098.6819487441796,None,space,0.1615602718666196,1098.6820121388882,None,None,1094.890838528052,1098.6718948627822,1094.890838528052,None,1098.9519675010815,None,1098.9520984771195,1099.061913899146,,,,,,,,,,,,,,,,,,,,,,,,162,1,2024_Feb_07_1325,Cognition2_FullCode1,2021.2.3,99.98276968329682,
,,,,,,,,,,,,,,,,,,,,,,,,,,,,,,,,,,,,,,,,,,,,,,,,,,,,/Users/shamslab/Desktop/Cognition2_FullExperimentFile/conditionFiles_SRT/162_audioblock.csv,A,125,,,,,,,,,,,,,0,1,1,0,0,8,8,7,,,,,,,,,,,,,,,,,,,,,,,,,,,,,,,,,,,,,,,,,,,,,,,,,,,,,,,,,,,,,,,,,,,,,,,,,,,,,,,,,,,,,,,,,,,,,,,,,,,,,,,,,,,,,,,,,,,,,,,,,,,1099.2520050927997,None,1102.0029096528888,1102.0128903361037,1102.0030241114553,None,space,0.20867760898545384,1102.0029096528888,None,None,1100.7526201591827,1101.9929702300578,1100.7526201591827,None,1102.3128833207302,None,1102.3129284502472,1102.4230314018205,,,,,,,,,,,,,,,,,,,,,,,,162,1,2024_Feb_07_1325,Cognition2_FullCode1,2021.2.3,99.98276968329682,
,,,,,,,,,,,,,,,,,,,,,,,,,,,,,,,,,,,,,,,,,,,,,,,,,,,,/Users/shamslab/Desktop/Cognition2_FullExperimentFile/conditionFiles_SRT/162_audioblock.csv,A,90,,,,,,,,,,,,,0,1,1,0,0,9,9,29,,,,,,,,,,,,,,,,,,,,,,,,,,,,,,,,,,,,,,,,,,,,,,,,,,,,,,,,,,,,,,,,,,,,,,,,,,,,,,,,,,,,,,,,,,,,,,,,,,,,,,,,,,,,,,,,,,,,,,,,,,,1102.6131139690988,None,1105.0137016107328,1105.0237319488078,1105.0137814804445,None,space,0.1818701708689332,1105.0137016107328,None,None,1104.1136127267964,1105.0037275990471,1104.1136127267964,None,1105.303687097039,None,1105.3037463263142,1105.4137377287261,,,,,,,,,,,,,,,,,,,,,,,,162,1,2024_Feb_07_1325,Cognition2_FullCode1,2021.2.3,99.98276968329682,
,,,,,,,,,,,,,,,,,,,,,,,,,,,,,,,,,,,,,,,,,,,,,,,,,,,,/Users/shamslab/Desktop/Cognition2_FullExperimentFile/conditionFiles_SRT/162_audioblock.csv,A,159,,,,,,,,,,,,,0,1,1,0,0,10,10,25,,,,,,,,,,,,,,,,,,,,,,,,,,,,,,,,,,,,,,,,,,,,,,,,,,,,,,,,,,,,,,,,,,,,,,,,,,,,,,,,,,,,,,,,,,,,,,,,,,,,,,,,,,,,,,,,,,,,,,,,,,,1105.6039130259305,None,1108.6947860470973,1108.7046582978219,1108.6948505523148,None,space,0.17285065911710262,1108.6947860470973,None,None,1107.1043662647717,1108.6847966709174,1107.1043662647717,None,1108.974934023805,None,1108.9747140961233,1109.084707327187,,,,,,,,,,,,,,,,,,,,,,,,162,1,2024_Feb_07_1325,Cognition2_FullCode1,2021.2.3,99.98276968329682,
,,,,,,,,,,,,,,,,,,,,,,,,,,,,,,,,,,,,,,,,,,,,,,,,,,,,/Users/shamslab/Desktop/Cognition2_FullExperimentFile/conditionFiles_SRT/162_audioblock.csv,A,65,,,,,,,,,,,,,0,1,1,0,0,11,11,12,,,,,,,,,,,,,,,,,,,,,,,,,,,,,,,,,,,,,,,,,,,,,,,,,,,,,,,,,,,,,,,,,,,,,,,,,,,,,,,,,,,,,,,,,,,,,,,,,,,,,,,,,,,,,,,,,,,,,,,,,,,1109.2748290137388,None,1111.4255856941454,1111.435616155155,1111.4257140894886,None,space,0.19401235086843371,1111.4255856941454,None,None,1110.7755213128403,1111.4156602080911,1110.7755213128403,None,1111.7257424280979,None,1111.725637160195,1111.8354895091616,,,,,,,,,,,,,,,,,,,,,,,,162,1,2024_Feb_07_1325,Cognition2_FullCode1,2021.2.3,99.98276968329682,
,,,,,,,,,,,,,,,,,,,,,,,,,,,,,,,,,,,,,,,,,,,,,,,,,,,,/Users/shamslab/Desktop/Cognition2_FullExperimentFile/conditionFiles_SRT/162_audioblock.csv,A,278,,,,,,,,,,,,,0,1,1,0,0,12,12,14,,,,,,,,,,,,,,,,,,,,,,,,,,,,,,,,,,,,,,,,,,,,,,,,,,,,,,,,,,,,,,,,,,,,,,,,,,,,,,,,,,,,,,,,,,,,,,,,,,,,,,,,,,,,,,,,,,,,,,,,,,,1112.0256319860928,None,1116.3069516420364,1116.316953895148,1116.306936066551,None,space,0.18462312081828713,1116.3069516420364,None,None,1113.5261612068862,1116.2968821851537,1113.5261612068862,None,1116.5970057169907,None,1116.596944009373,1116.7069226419553,,,,,,,,,,,,,,,,,,,,,,,,162,1,2024_Feb_07_1325,Cognition2_FullCode1,2021.2.3,99.98276968329682,
,,,,,,,,,,,,,,,,,,,,,,,,,,,,,,,,,,,,,,,,,,,,,,,,,,,,/Users/shamslab/Desktop/Cognition2_FullExperimentFile/conditionFiles_SRT/162_audioblock.csv,A,183,,,,,,,,,,,,,0,1,1,0,0,13,13,1,,,,,,,,,,,,,,,,,,,,,,,,,,,,,,,,,,,,,,,,,,,,,,,,,,,,,,,,,,,,,,,,,,,,,,,,,,,,,,,,,,,,,,,,,,,,,,,,,,,,,,,,,,,,,,,,,,,,,,,,,,,1116.897156782914,None,1120.2281723357737,1120.2380076348782,1120.2281406553927,None,space,0.15944310603663325,1120.2281723357737,None,None,1118.3975701821037,1120.2180867739953,1118.3975701821037,None,1120.4881613557227,None,1120.4880765461828,1120.5982181220315,,,,,,,,,,,,,,,,,,,,,,,,162,1,2024_Feb_07_1325,Cognition2_FullCode1,2021.2.3,99.98276968329682,
,,,,,,,,,,,,,,,,,,,,,,,,,,,,,,,,,,,,,,,,,,,,,,,,,,,,/Users/shamslab/Desktop/Cognition2_FullExperimentFile/conditionFiles_SRT/162_audioblock.csv,A,139,,,,,,,,,,,,,0,1,1,0,0,14,14,9,,,,,,,,,,,,,,,,,,,,,,,,,,,,,,,,,,,,,,,,,,,,,,,,,,,,,,,,,,,,,,,,,,,,,,,,,,,,,,,,,,,,,,,,,,,,,,,,,,,,,,,,,,,,,,,,,,,,,,,,,,,1120.7882125540636,None,1123.6790432841517,1123.6890819459222,1123.6791604714933,None,space,0.16452348325401545,1123.6790432841517,None,None,1122.2886725747958,1123.669106590096,1122.2886725747958,None,1123.9492537560873,None,1123.9493264872115,1124.059179291129,,,,,,,,,,,,,,,,,,,,,,,,162,1,2024_Feb_07_1325,Cognition2_FullCode1,2021.2.3,99.98276968329682,
,,,,,,,,,,,,,,,,,,,,,,,,,,,,,,,,,,,,,,,,,,,,,,,,,,,,/Users/shamslab/Desktop/Cognition2_FullExperimentFile/conditionFiles_SRT/162_audioblock.csv,A,96,,,,,,,,,,,,,0,1,1,0,0,15,15,15,,,,,,,,,,,,,,,,,,,,,,,,,,,,,,,,,,,,,,,,,,,,,,,,,,,,,,,,,,,,,,,,,,,,,,,,,,,,,,,,,,,,,,,,,,,,,,,,,,,,,,,,,,,,,,,,,,,,,,,,,,,1124.2491215048358,None,1126.710001164116,1126.7199226208031,1126.7099305022973,None,space,0.16560144675895572,1126.710001164116,None,None,1125.749819144141,1126.6998766208999,1125.749819144141,None,1126.9798652958125,None,1126.979995700484,1127.089901119005,,,,,,,,,,,,,,,,,,,,,,,,162,1,2024_Feb_07_1325,Cognition2_FullCode1,2021.2.3,99.98276968329682,
,,,,,,,,,,,,,,,,,,,,,,,,,,,,,,,,,,,,,,,,,,,,,,,,,,,,/Users/shamslab/Desktop/Cognition2_FullExperimentFile/conditionFiles_SRT/162_audioblock.csv,A,157,,,,,,,,,,,,,0,1,1,0,0,16,16,17,,,,,,,,,,,,,,,,,,,,,,,,,,,,,,,,,,,,,,,,,,,,,,,,,,,,,,,,,,,,,,,,,,,,,,,,,,,,,,,,,,,,,,,,,,,,,,,,,,,,,,,,,,,,,,,,,,,,,,,,,,,1127.2800831007771,None,1130.3509421548806,1130.3609315217473,1130.351050414564,None,space,0.15662375697866082,1130.3509421548806,None,None,1128.780561517924,1130.3409965331666,1128.780561517924,None,1130.6110315420665,None,1130.6111386925447,1130.7208991651423,,,,,,,,,,,,,,,,,,,,,,,,162,1,2024_Feb_07_1325,Cognition2_FullCode1,2021.2.3,99.98276968329682,
,,,,,,,,,,,,,,,,,,,,,,,,,,,,,,,,,,,,,,,,,,,,,,,,,,,,/Users/shamslab/Desktop/Cognition2_FullExperimentFile/conditionFiles_SRT/162_audioblock.csv,A,85,,,,,,,,,,,,,0,1,1,0,0,17,17,6,,,,,,,,,,,,,,,,,,,,,,,,,,,,,,,,,,,,,,,,,,,,,,,,,,,,,,,,,,,,,,,,,,,,,,,,,,,,,,,,,,,,,,,,,,,,,,,,,,,,,,,,,,,,,,,,,,,,,,,,,,,1130.9111975417472,None,1133.2618626370095,1133.2716793669388,1133.2620027143973,None,space,0.18170679407194257,1133.2618626370095,None,None,1132.4115114277229,1133.251948833,1132.4115114277229,None,1133.551840833854,None,1133.5518706812989,1133.6618029288948,,,,,,,,,,,,,,,,,,,,,,,,162,1,2024_Feb_07_1325,Cognition2_FullCode1,2021.2.3,99.98276968329682,
,,,,,,,,,,,,,,,,,,,,,,,,,,,,,,,,,,,,,,,,,,,,,,,,,,,,/Users/shamslab/Desktop/Cognition2_FullExperimentFile/conditionFiles_SRT/162_audioblock.csv,A,70,,,,,,,,,,,,,0,1,1,0,0,18,18,16,,,,,,,,,,,,,,,,,,,,,,,,,,,,,,,,,,,,,,,,,,,,,,,,,,,,,,,,,,,,,,,,,,,,,,,,,,,,,,,,,,,,,,,,,,,,,,,,,,,,,,,,,,,,,,,,,,,,,,,,,,,1133.8520149020478,None,1136.0525894127786,1136.0626002359204,1136.0526870022993,None,space,0.1589749176055193,1136.0525894127786,None,None,1135.3524085497484,1136.0426331209019,1135.3524085497484,None,1136.312614607159,None,1136.3125923382584,1136.42258170899,,,,,,,,,,,,,,,,,,,,,,,,162,1,2024_Feb_07_1325,Cognition2_FullCode1,2021.2.3,99.98276968329682,
,,,,,,,,,,,,,,,,,,,,,,,,,,,,,,,,,,,,,,,,,,,,,,,,,,,,/Users/shamslab/Desktop/Cognition2_FullExperimentFile/conditionFiles_SRT/162_audioblock.csv,A,283,,,,,,,,,,,,,0,1,1,0,0,19,19,27,,,,,,,,,,,,,,,,,,,,,,,,,,,,,,,,,,,,,,,,,,,,,,,,,,,,,,,,,,,,,,,,,,,,,,,,,,,,,,,,,,,,,,,,,,,,,,,,,,,,,,,,,,,,,,,,,,,,,,,,,,,1136.6127322730608,None,None,None,None,None,None,,None,None,space,1138.1132480618544,None,1138.1132480618544,None,1139.0833816481754,None,1139.0833139232825,1139.5936347297393,0.858386302832514,,,,,,,,,,,,,,,,,,,,,,,162,1,2024_Feb_07_1325,Cognition2_FullCode1,2021.2.3,99.98276968329682,
,,,,,,,,,,,,,,,,,,,,,,,,,,,,,,,,,,,,,,,,,,,,,,,,,,,,/Users/shamslab/Desktop/Cognition2_FullExperimentFile/conditionFiles_SRT/162_audioblock.csv,A,164,,,,,,,,,,,,,0,1,1,0,0,20,20,11,,,,,,,,,,,,,,,,,,,,,,,,,,,,,,,,,,,,,,,,,,,,,,,,,,,,,,,,,,,,,,,,,,,,,,,,,,,,,,,,,,,,,,,,,,,,,,,,,,,,,,,,,,,,,,,,,,,,,,,,,,,1141.084024908021,None,1144.2249064971693,1144.2349148867652,1144.2250546263065,None,space,0.22664728434756398,1144.2249064971693,None,None,1142.5843744808808,1144.215000744909,1142.5843744808808,None,1144.5549823259935,None,1144.554937855294,1144.6648970469832,,,,,,,,,,,,,,,,,,,,,,,,162,1,2024_Feb_07_1325,Cognition2_FullCode1,2021.2.3,99.98276968329682,
,,,,,,,,,,,,,,,,,,,,,,,,,,,,,,,,,,,,,,,,,,,,,,,,,,,,/Users/shamslab/Desktop/Cognition2_FullExperimentFile/conditionFiles_SRT/162_audioblock.csv,A,343,,,,,,,,,,,,,0,1,1,0,0,21,21,18,,,,,,,,,,,,,,,,,,,,,,,,,,,,,,,,,,,,,,,,,,,,,,,,,,,,,,,,,,,,,,,,,,,,,,,,,,,,,,,,,,,,,,,,,,,,,,,,,,,,,,,,,,,,,,,,,,,,,,,,,,,1144.8550882670097,None,1149.7865555789322,1149.7966281748377,1149.786724318238,None,space,0.17701572459191084,1149.7865555789322,None,None,1146.3555841729976,1149.7766704368405,1146.3555841729976,None,1150.0667245560326,None,1150.066507365508,1150.176504607778,,,,,,,,,,,,,,,,,,,,,,,,162,1,2024_Feb_07_1325,Cognition2_FullCode1,2021.2.3,99.98276968329682,
,,,,,,,,,,,,,,,,,,,,,,,,,,,,,,,,,,,,,,,,,,,,,,,,,,,,/Users/shamslab/Desktop/Cognition2_FullExperimentFile/conditionFiles_SRT/162_audioblock.csv,A,112,,,,,,,,,,,,,0,1,1,0,0,22,22,13,,,,,,,,,,,,,,,,,,,,,,,,,,,,,,,,,,,,,,,,,,,,,,,,,,,,,,,,,,,,,,,,,,,,,,,,,,,,,,,,,,,,,,,,,,,,,,,,,,,,,,,,,,,,,,,,,,,,,,,,,,,1150.3665583380498,None,1152.9874969278462,1152.997394695878,1152.9873684783931,None,space,0.24007001193240285,1152.9874969278462,None,None,1151.8671514517628,1152.9773145969957,1151.8671514517628,None,1153.3475201968104,None,1153.3474244582,1153.457480498124,,,,,,,,,,,,,,,,,,,,,,,,162,1,2024_Feb_07_1325,Cognition2_FullCode1,2021.2.3,99.98276968329682,
,,,,,,,,,,,,,,,,,,,,,,,,,,,,,,,,,,,,,,,,,,,,,,,,,,,,/Users/shamslab/Desktop/Cognition2_FullExperimentFile/conditionFiles_SRT/162_audioblock.csv,A,211,,,,,,,,,,,,,0,1,1,0,0,23,23,2,,,,,,,,,,,,,,,,,,,,,,,,,,,,,,,,,,,,,,,,,,,,,,,,,,,,,,,,,,,,,,,,,,,,,,,,,,,,,,,,,,,,,,,,,,,,,,,,,,,,,,,,,,,,,,,,,,,,,,,,,,,1153.6475903978571,None,1157.2587161511183,1157.268672626,1157.2586825652513,None,space,0.18491542199626565,1157.2587161511183,None,None,1155.1481658718549,1157.248628683854,1155.1481658718549,None,1157.5487318751402,None,1157.548713753419,1157.6586411851458,,,,,,,,,,,,,,,,,,,,,,,,162,1,2024_Feb_07_1325,Cognition2_FullCode1,2021.2.3,99.98276968329682,
,,,,,,,,,,,,,,,,,,,,,,,,,,,,,,,,,,,,,,,,,,,,,,,,,,,,/Users/shamslab/Desktop/Cognition2_FullExperimentFile/conditionFiles_SRT/162_audioblock.csv,A,296,,,,,,,,,,,,,0,1,1,0,0,24,24,3,,,,,,,,,,,,,,,,,,,,,,,,,,,,,,,,,,,,,,,,,,,,,,,,,,,,,,,,,,,,,,,,,,,,,,,,,,,,,,,,,,,,,,,,,,,,,,,,,,,,,,,,,,,,,,,,,,,,,,,,,,,1157.8487692107446,None,1162.3101657349616,1162.3201578399166,1162.310234326357,None,space,0.189469404052943,1162.3101657349616,None,None,1159.3491500811651,1162.3001804449596,1159.3491500811651,None,1162.6001805397682,None,1162.6001515234354,1162.7100865859538,,,,,,,,,,,,,,,,,,,,,,,,162,1,2024_Feb_07_1325,Cognition2_FullCode1,2021.2.3,99.98276968329682,
,,,,,,,,,,,,,,,,,,,,,,,,,,,,,,,,,,,,,,,,,,,,,,,,,,,,/Users/shamslab/Desktop/Cognition2_FullExperimentFile/conditionFiles_SRT/162_audioblock.csv,A,140,,,,,,,,,,,,,0,1,1,0,0,25,25,21,,,,,,,,,,,,,,,,,,,,,,,,,,,,,,,,,,,,,,,,,,,,,,,,,,,,,,,,,,,,,,,,,,,,,,,,,,,,,,,,,,,,,,,,,,,,,,,,,,,,,,,,,,,,,,,,,,,,,,,,,,,1162.9002300607972,None,1165.8011011951603,1165.811060891021,1165.8010799902956,None,space,0.2745058978907764,1165.8011011951603,None,None,1164.4005910651758,1165.7910261088982,1164.4005910651758,None,1166.1811092621647,None,1166.1812211232725,1166.291215002071,,,,,,,,,,,,,,,,,,,,,,,,162,1,2024_Feb_07_1325,Cognition2_FullCode1,2021.2.3,99.98276968329682,
,,,,,,,,,,,,,,,,,,,,,,,,,,,,,,,,,,,,,,,,,,,,,,,,,,,,/Users/shamslab/Desktop/Cognition2_FullExperimentFile/conditionFiles_SRT/162_audioblock.csv,A,168,,,,,,,,,,,,,0,1,1,0,0,26,26,20,,,,,,,,,,,,,,,,,,,,,,,,,,,,,,,,,,,,,,,,,,,,,,,,,,,,,,,,,,,,,,,,,,,,,,,,,,,,,,,,,,,,,,,,,,,,,,,,,,,,,,,,,,,,,,,,,,,,,,,,,,,1166.4812837620266,None,1169.6623159879819,1169.6721889688633,1169.6622471622657,None,space,0.15726641612127423,1169.6623159879819,None,None,1167.981866212096,1169.6521932808682,1167.981866212096,None,1169.9222511118278,None,1169.9221517382655,1170.0321930111386,,,,,,,,,,,,,,,,,,,,,,,,162,1,2024_Feb_07_1325,Cognition2_FullCode1,2021.2.3,99.98276968329682,
,,,,,,,,,,,,,,,,,,,,,,,,,,,,,,,,,,,,,,,,,,,,,,,,,,,,/Users/shamslab/Desktop/Cognition2_FullExperimentFile/conditionFiles_SRT/162_audioblock.csv,A,91,,,,,,,,,,,,,0,1,1,0,0,27,27,19,,,,,,,,,,,,,,,,,,,,,,,,,,,,,,,,,,,,,,,,,,,,,,,,,,,,,,,,,,,,,,,,,,,,,,,,,,,,,,,,,,,,,,,,,,,,,,,,,,,,,,,,,,,,,,,,,,,,,,,,,,,1170.222455878742,None,1172.6330066588707,1172.6430967128836,1172.6330794482026,None,space,0.20262646628543735,1172.6330066588707,None,None,1171.7227563671768,1172.6230255668052,1171.7227563671768,None,1172.9430223871022,None,1172.9430997995194,1173.0530505869538,,,,,,,,,,,,,,,,,,,,,,,,162,1,2024_Feb_07_1325,Cognition2_FullCode1,2021.2.3,99.98276968329682,
,,,,,,,,,,,,,,,,,,,,,,,,,,,,,,,,,,,,,,,,,,,,,,,,,,,,/Users/shamslab/Desktop/Cognition2_FullExperimentFile/conditionFiles_SRT/162_audioblock.csv,A,105,,,,,,,,,,,,,0,1,1,0,0,28,28,22,,,,,,,,,,,,,,,,,,,,,,,,,,,,,,,,,,,,,,,,,,,,,,,,,,,,,,,,,,,,,,,,,,,,,,,,,,,,,,,,,,,,,,,,,,,,,,,,,,,,,,,,,,,,,,,,,,,,,,,,,,,1173.2432466209866,None,1175.7938612047583,1175.804016389884,1175.7938953232485,None,space,0.18572438415139914,1175.7938612047583,None,None,1174.743638151791,1175.783841441851,1174.743638151791,None,1176.0840317220427,None,1176.0839655482675,1176.193982516881,,,,,,,,,,,,,,,,,,,,,,,,162,1,2024_Feb_07_1325,Cognition2_FullCode1,2021.2.3,99.98276968329682,
,,,,,,,,,,,,,,,,,,,,,,,,,,,,,,,,,,,,,,,,,,,,,,,,,,,,/Users/shamslab/Desktop/Cognition2_FullExperimentFile/conditionFiles_SRT/162_audioblock.csv,A,209,,,,,,,,,,,,,0,1,1,0,0,29,29,0,,,,,,,,,,,,,,,,,,,,,,,,,,,,,,,,,,,,,,,,,,,,,,,,,,,,,,,,,,,,,,,,,,,,,,,,,,,,,,,,,,,,,,,,,,,,,,,,,,,,,,,,,,,,,,,,,,,,,,,,,,,1176.3840447659604,None,1179.9752130880952,1179.9851811570115,1179.9751443895045,None,space,0.17242560908198357,1179.9752130880952,None,None,1177.8845360837877,1179.965090508107,1177.8845360837877,None,1180.255179240834,None,1180.255159305362,1180.3652029847726,,,,,,,,,,,,,,,,,,,,,,,,162,1,2024_Feb_07_1325,Cognition2_FullCode1,2021.2.3,99.98276968329682,
,,,,,,,,,,,,,,,,,,,,,,,,,,,,,,,,,,,,,,,,,,,,,,,,,,,,/Users/shamslab/Desktop/Cognition2_FullExperimentFile/conditionFiles_SRT/162_audioblock.csv,,,,,,,,,,,,,,,0,1,1,0,,,,,,,,,,,,,,,,,,,,,,,,,,,,,,,,,,,,,,,,,,,,,,,,,,,,,,,,,,,,,,,,,,,,,,,,,,,,,,,,,,,,,,,,,,,,,,,,,,,,,,,,,,,,,,,,,,,,,,,,,,,,,,,,,,,,,,,,,,,,,,,,,,,,,,,,,,,,,,,,,,,,,,,,,162,1,2024_Feb_07_1325,Cognition2_FullCode1,2021.2.3,99.98276968329682,
,,,,,,,,,,,,,,,,,,,,,,,,,,,,,,,,,,,,,,,,,,,,,,,,,,,,/Users/shamslab/Desktop/Cognition2_FullExperimentFile/conditionFiles_SRT/162_bisensoryblock.csv,B,98,,,,,,,,,,,,,0,2,2,2,0,0,0,22,,,,,,,,,,,,,,,,,,,,,,,,,,,,,,,,,,,,,,,,,,,,,,,,,,,,,,,,,,,,,,,,,,,,,,,,,,,,,,,,,,,,,,,,,,,,,,,,,,,,,,,,,,,,,,,,,,,,,1181.055527397897,None,space,13.880052214954048,1181.1555709089153,None,1195.0694090430625,None,1197.5401327940635,1197.55006649578,1197.5401144613977,None,space,0.8314339211210608,1197.5401327940635,None,None,1196.5599930658937,1197.5300605800003,1196.5599930658937,None,1198.4903943557292,None,1198.4903132072184,1198.6003394038416,,,,,,,,,,,,,,,,,,,,,,,,162,1,2024_Feb_07_1325,Cognition2_FullCode1,2021.2.3,99.98276968329682,
,,,,,,,,,,,,,,,,,,,,,,,,,,,,,,,,,,,,,,,,,,,,,,,,,,,,/Users/shamslab/Desktop/Cognition2_FullExperimentFile/conditionFiles_SRT/162_bisensoryblock.csv,B,100,,,,,,,,,,,,,0,2,2,2,0,1,1,13,,,,,,,,,,,,,,,,,,,,,,,,,,,,,,,,,,,,,,,,,,,,,,,,,,,,,,,,,,,,,,,,,,,,,,,,,,,,,,,,,,,,,,,,,,,,,,,,,,,,,,,,,,,,,,,,,,,,,,,,,,,1198.7904137237929,None,1201.2912712278776,1201.3011629018001,1201.2912807315122,None,space,0.3763053249567747,1201.2912712278776,None,None,1200.2910009487532,1201.2812268501148,1200.2910009487532,None,1201.771316359751,None,1201.7713753901887,1201.8812450100668,,,,,,,,,,,,,,,,,,,,,,,,162,1,2024_Feb_07_1325,Cognition2_FullCode1,2021.2.3,99.98276968329682,
,,,,,,,,,,,,,,,,,,,,,,,,,,,,,,,,,,,,,,,,,,,,,,,,,,,,/Users/shamslab/Desktop/Cognition2_FullExperimentFile/conditionFiles_SRT/162_bisensoryblock.csv,B,256,,,,,,,,,,,,,0,2,2,2,0,2,2,1,,,,,,,,,,,,,,,,,,,,,,,,,,,,,,,,,,,,,,,,,,,,,,,,,,,,,,,,,,,,,,,,,,,,,,,,,,,,,,,,,,,,,,,,,,,,,,,,,,,,,,,,,,,,,,,,,,,,,,,,,,,1202.071471001953,None,1206.1326149590313,1206.142668867018,1206.1326289232354,None,space,0.28696515085175633,1206.1326149590313,None,None,1203.571945053991,1206.122575041838,1203.571945053991,None,1206.522726575844,None,1206.5226152403745,1206.6326179709285,,,,,,,,,,,,,,,,,,,,,,,,162,1,2024_Feb_07_1325,Cognition2_FullCode1,2021.2.3,99.98276968329682,
,,,,,,,,,,,,,,,,,,,,,,,,,,,,,,,,,,,,,,,,,,,,,,,,,,,,/Users/shamslab/Desktop/Cognition2_FullExperimentFile/conditionFiles_SRT/162_bisensoryblock.csv,B,201,,,,,,,,,,,,,0,2,2,2,0,3,3,14,,,,,,,,,,,,,,,,,,,,,,,,,,,,,,,,,,,,,,,,,,,,,,,,,,,,,,,,,,,,,,,,,,,,,,,,,,,,,,,,,,,,,,,,,,,,,,,,,,,,,,,,,,,,,,,,,,,,,,,,,,,1206.8228934099898,None,1210.3337869001552,1210.3438807991333,1210.3337752595078,None,space,0.17385053215548396,1210.3337869001552,None,None,1208.323214026168,1210.3237213781103,1208.323214026168,None,1210.6138527509756,None,1210.6137913162354,1210.7237369618379,,,,,,,,,,,,,,,,,,,,,,,,162,1,2024_Feb_07_1325,Cognition2_FullCode1,2021.2.3,99.98276968329682,
,,,,,,,,,,,,,,,,,,,,,,,,,,,,,,,,,,,,,,,,,,,,,,,,,,,,/Users/shamslab/Desktop/Cognition2_FullExperimentFile/conditionFiles_SRT/162_bisensoryblock.csv,B,301,,,,,,,,,,,,,0,2,2,2,0,4,4,0,,,,,,,,,,,,,,,,,,,,,,,,,,,,,,,,,,,,,,,,,,,,,,,,,,,,,,,,,,,,,,,,,,,,,,,,,,,,,,,,,,,,,,,,,,,,,,,,,,,,,,,,,,,,,,,,,,,,,,,,,,,1210.9139700811356,None,1215.4252281738445,1215.435323530808,1215.4252782221417,None,space,0.20234049204736948,1215.4252281738445,None,None,1212.4143846468069,1215.4152243407443,1212.4143846468069,None,1215.7354007149115,None,1215.7353282095398,1215.8453310881741,,,,,,,,,,,,,,,,,,,,,,,,162,1,2024_Feb_07_1325,Cognition2_FullCode1,2021.2.3,99.98276968329682,
,,,,,,,,,,,,,,,,,,,,,,,,,,,,,,,,,,,,,,,,,,,,,,,,,,,,/Users/shamslab/Desktop/Cognition2_FullExperimentFile/conditionFiles_SRT/162_bisensoryblock.csv,B,378,,,,,,,,,,,,,0,2,2,2,0,5,5,21,,,,,,,,,,,,,,,,,,,,,,,,,,,,,,,,,,,,,,,,,,,,,,,,,,,,,,,,,,,,,,,,,,,,,,,,,,,,,,,,,,,,,,,,,,,,,,,,,,,,,,,,,,,,,,,,,,,,,,,,,,,1216.0354531509802,None,1221.317009396851,1221.3269077488221,1221.316961829504,None,space,0.14264052920043468,1221.317009396851,None,None,1217.535813440103,1221.3069079481065,1217.535813440103,None,1221.5668958690949,None,1221.5669774245005,1221.6769302771427,,,,,,,,,,,,,,,,,,,,,,,,162,1,2024_Feb_07_1325,Cognition2_FullCode1,2021.2.3,99.98276968329682,
,,,,,,,,,,,,,,,,,,,,,,,,,,,,,,,,,,,,,,,,,,,,,,,,,,,,/Users/shamslab/Desktop/Cognition2_FullExperimentFile/conditionFiles_SRT/162_bisensoryblock.csv,B,141,,,,,,,,,,,,,0,2,2,2,0,6,6,18,,,,,,,,,,,,,,,,,,,,,,,,,,,,,,,,,,,,,,,,,,,,,,,,,,,,,,,,,,,,,,,,,,,,,,,,,,,,,,,,,,,,,,,,,,,,,,,,,,,,,,,,,,,,,,,,,,,,,,,,,,,1221.86704538716,None,1224.7778706909157,1224.7878425568342,1224.7778859463986,None,space,0.24169988092035055,1224.7778706909157,None,None,1223.3675779448822,1224.7678320650011,1223.3675779448822,None,1225.1279836357571,None,1225.1279603833798,1225.2378737479448,,,,,,,,,,,,,,,,,,,,,,,,162,1,2024_Feb_07_1325,Cognition2_FullCode1,2021.2.3,99.98276968329682,
,,,,,,,,,,,,,,,,,,,,,,,,,,,,,,,,,,,,,,,,,,,,,,,,,,,,/Users/shamslab/Desktop/Cognition2_FullExperimentFile/conditionFiles_SRT/162_bisensoryblock.csv,B,327,,,,,,,,,,,,,0,2,2,2,0,7,7,16,,,,,,,,,,,,,,,,,,,,,,,,,,,,,,,,,,,,,,,,,,,,,,,,,,,,,,,,,,,,,,,,,,,,,,,,,,,,,,,,,,,,,,,,,,,,,,,,,,,,,,,,,,,,,,,,,,,,,,,,,,,1225.4280714248307,None,1230.1994468141347,1230.209416275844,1230.1996025382075,None,space,0.1961347721517086,1230.1994468141347,None,None,1226.9286223980598,1230.18954865681,1226.9286223980598,None,1230.4995371517725,None,1230.499535665335,1230.6096848221496,,,,,,,,,,,,,,,,,,,,,,,,162,1,2024_Feb_07_1325,Cognition2_FullCode1,2021.2.3,99.98276968329682,
,,,,,,,,,,,,,,,,,,,,,,,,,,,,,,,,,,,,,,,,,,,,,,,,,,,,/Users/shamslab/Desktop/Cognition2_FullExperimentFile/conditionFiles_SRT/162_bisensoryblock.csv,B,289,,,,,,,,,,,,,0,2,2,2,0,8,8,24,,,,,,,,,,,,,,,,,,,,,,,,,,,,,,,,,,,,,,,,,,,,,,,,,,,,,,,,,,,,,,,,,,,,,,,,,,,,,,,,,,,,,,,,,,,,,,,,,,,,,,,,,,,,,,,,,,,,,,,,,,,1230.7996188001707,None,1235.1908819880337,1235.200902627781,1235.191010053223,None,space,0.15673317713662982,1235.1908819880337,None,None,1232.3000377318822,1235.1809561718255,1232.3000377318822,None,1235.4509071321227,None,1235.4509069821331,1235.5608507241122,,,,,,,,,,,,,,,,,,,,,,,,162,1,2024_Feb_07_1325,Cognition2_FullCode1,2021.2.3,99.98276968329682,
,,,,,,,,,,,,,,,,,,,,,,,,,,,,,,,,,,,,,,,,,,,,,,,,,,,,/Users/shamslab/Desktop/Cognition2_FullExperimentFile/conditionFiles_SRT/162_bisensoryblock.csv,B,115,,,,,,,,,,,,,0,2,2,2,0,9,9,12,,,,,,,,,,,,,,,,,,,,,,,,,,,,,,,,,,,,,,,,,,,,,,,,,,,,,,,,,,,,,,,,,,,,,,,,,,,,,,,,,,,,,,,,,,,,,,,,,,,,,,,,,,,,,,,,,,,,,,,,,,,1235.751041912008,None,1238.4018090330064,1238.4117844919674,1238.401948595373,None,space,0.20981819601729512,1238.4018090330064,None,None,1237.2515303539112,1238.3918947139755,1237.2515303539112,None,1238.7119880020618,None,1238.7118384055327,1238.8217739909887,,,,,,,,,,,,,,,,,,,,,,,,162,1,2024_Feb_07_1325,Cognition2_FullCode1,2021.2.3,99.98276968329682,
,,,,,,,,,,,,,,,,,,,,,,,,,,,,,,,,,,,,,,,,,,,,,,,,,,,,/Users/shamslab/Desktop/Cognition2_FullExperimentFile/conditionFiles_SRT/162_bisensoryblock.csv,B,300,,,,,,,,,,,,,0,2,2,2,0,10,10,27,,,,,,,,,,,,,,,,,,,,,,,,,,,,,,,,,,,,,,,,,,,,,,,,,,,,,,,,,,,,,,,,,,,,,,,,,,,,,,,,,,,,,,,,,,,,,,,,,,,,,,,,,,,,,,,,,,,,,,,,,,,1239.0120140239596,None,1243.5132478801534,1243.5232075881213,1243.5132124982308,None,space,0.17032075813040137,1243.5132478801534,None,None,1240.5123985698447,1243.5031586168334,1240.5123985698447,None,1243.8033770578913,None,1243.8032571402844,1243.913228277117,,,,,,,,,,,,,,,,,,,,,,,,162,1,2024_Feb_07_1325,Cognition2_FullCode1,2021.2.3,99.98276968329682,
,,,,,,,,,,,,,,,,,,,,,,,,,,,,,,,,,,,,,,,,,,,,,,,,,,,,/Users/shamslab/Desktop/Cognition2_FullExperimentFile/conditionFiles_SRT/162_bisensoryblock.csv,B,177,,,,,,,,,,,,,0,2,2,2,0,11,11,25,,,,,,,,,,,,,,,,,,,,,,,,,,,,,,,,,,,,,,,,,,,,,,,,,,,,,,,,,,,,,,,,,,,,,,,,,,,,,,,,,,,,,,,,,,,,,,,,,,,,,,,,,,,,,,,,,,,,,,,,,,,1244.1034603789449,None,1247.3743363609537,1247.3843567501754,1247.374428417487,None,space,0.16524336813017726,1247.3743363609537,None,None,1245.603949827142,1247.3643745360896,1245.603949827142,None,1247.6444599567913,None,1247.6444135591853,1247.7545057958923,,,,,,,,,,,,,,,,,,,,,,,,162,1,2024_Feb_07_1325,Cognition2_FullCode1,2021.2.3,99.98276968329682,
,,,,,,,,,,,,,,,,,,,,,,,,,,,,,,,,,,,,,,,,,,,,,,,,,,,,/Users/shamslab/Desktop/Cognition2_FullExperimentFile/conditionFiles_SRT/162_bisensoryblock.csv,B,306,,,,,,,,,,,,,0,2,2,2,0,12,12,3,,,,,,,,,,,,,,,,,,,,,,,,,,,,,,,,,,,,,,,,,,,,,,,,,,,,,,,,,,,,,,,,,,,,,,,,,,,,,,,,,,,,,,,,,,,,,,,,,,,,,,,,,,,,,,,,,,,,,,,,,,,1247.9445694088936,None,1252.505809667986,1252.5157723240554,1252.5057888691779,None,space,0.177815827075392,1252.505809667986,None,None,1249.4449962368235,1252.4957349877805,1249.4449962368235,None,1252.7858965061605,None,1252.7858322304207,1252.895824959036,,,,,,,,,,,,,,,,,,,,,,,,162,1,2024_Feb_07_1325,Cognition2_FullCode1,2021.2.3,99.98276968329682,
,,,,,,,,,,,,,,,,,,,,,,,,,,,,,,,,,,,,,,,,,,,,,,,,,,,,/Users/shamslab/Desktop/Cognition2_FullExperimentFile/conditionFiles_SRT/162_bisensoryblock.csv,B,170,,,,,,,,,,,,,0,2,2,2,0,13,13,20,,,,,,,,,,,,,,,,,,,,,,,,,,,,,,,,,,,,,,,,,,,,,,,,,,,,,,,,,,,,,,,,,,,,,,,,,,,,,,,,,,,,,,,,,,,,,,,,,,,,,,,,,,,,,,,,,,,,,,,,,,,1253.0859188730828,None,1256.2869714968838,1256.2969889850356,1256.2870600982103,None,space,0.16466651391237974,1256.2869714968838,None,None,1254.5865052738227,1256.2770062168129,1254.5865052738227,None,1256.556938313879,None,1256.556973095471,1256.6668980568647,,,,,,,,,,,,,,,,,,,,,,,,162,1,2024_Feb_07_1325,Cognition2_FullCode1,2021.2.3,99.98276968329682,
,,,,,,,,,,,,,,,,,,,,,,,,,,,,,,,,,,,,,,,,,,,,,,,,,,,,/Users/shamslab/Desktop/Cognition2_FullExperimentFile/conditionFiles_SRT/162_bisensoryblock.csv,B,87,,,,,,,,,,,,,0,2,2,2,0,14,14,5,,,,,,,,,,,,,,,,,,,,,,,,,,,,,,,,,,,,,,,,,,,,,,,,,,,,,,,,,,,,,,,,,,,,,,,,,,,,,,,,,,,,,,,,,,,,,,,,,,,,,,,,,,,,,,,,,,,,,,,,,,,1256.8571721189655,None,1259.2277439129539,1259.2377618141472,1259.2278212834615,None,space,0.18383433390408754,1259.2277439129539,None,None,1258.3573958650231,1259.217767402064,1258.3573958650231,None,1259.51780172484,None,1259.5177637151908,1259.627876718063,,,,,,,,,,,,,,,,,,,,,,,,162,1,2024_Feb_07_1325,Cognition2_FullCode1,2021.2.3,99.98276968329682,
,,,,,,,,,,,,,,,,,,,,,,,,,,,,,,,,,,,,,,,,,,,,,,,,,,,,/Users/shamslab/Desktop/Cognition2_FullExperimentFile/conditionFiles_SRT/162_bisensoryblock.csv,B,298,,,,,,,,,,,,,0,2,2,2,0,15,15,8,,,,,,,,,,,,,,,,,,,,,,,,,,,,,,,,,,,,,,,,,,,,,,,,,,,,,,,,,,,,,,,,,,,,,,,,,,,,,,,,,,,,,,,,,,,,,,,,,,,,,,,,,,,,,,,,,,,,,,,,,,,1259.8179660928436,None,1264.2992715970613,1264.309169020038,1264.299294631416,None,space,0.2003198410384357,1264.2992715970613,None,None,1261.3184442571364,1264.2892407500185,1261.3184442571364,None,1264.6192891118117,None,1264.619231891306,1264.7291173217818,,,,,,,,,,,,,,,,,,,,,,,,162,1,2024_Feb_07_1325,Cognition2_FullCode1,2021.2.3,99.98276968329682,
,,,,,,,,,,,,,,,,,,,,,,,,,,,,,,,,,,,,,,,,,,,,,,,,,,,,/Users/shamslab/Desktop/Cognition2_FullExperimentFile/conditionFiles_SRT/162_bisensoryblock.csv,B,334,,,,,,,,,,,,,0,2,2,2,0,16,16,9,,,,,,,,,,,,,,,,,,,,,,,,,,,,,,,,,,,,,,,,,,,,,,,,,,,,,,,,,,,,,,,,,,,,,,,,,,,,,,,,,,,,,,,,,,,,,,,,,,,,,,,,,,,,,,,,,,,,,,,,,,,1264.9194438899867,None,1269.760716630146,1269.770706588868,1269.76079487144,None,space,0.14685066835954785,1269.760716630146,None,None,1266.4197743940167,1269.7507409900427,1266.4197743940167,None,1270.010703691747,None,1270.0107948835473,1270.1208647759631,,,,,,,,,,,,,,,,,,,,,,,,162,1,2024_Feb_07_1325,Cognition2_FullCode1,2021.2.3,99.98276968329682,
,,,,,,,,,,,,,,,,,,,,,,,,,,,,,,,,,,,,,,,,,,,,,,,,,,,,/Users/shamslab/Desktop/Cognition2_FullExperimentFile/conditionFiles_SRT/162_bisensoryblock.csv,B,363,,,,,,,,,,,,,0,2,2,2,0,17,17,17,,,,,,,,,,,,,,,,,,,,,,,,,,,,,,,,,,,,,,,,,,,,,,,,,,,,,,,,,,,,,,,,,,,,,,,,,,,,,,,,,,,,,,,,,,,,,,,,,,,,,,,,,,,,,,,,,,,,,,,,,,,1270.310952779837,None,1275.4423822937533,1275.4524994441308,1275.442496712273,None,space,0.16118580289185047,1275.4423822937533,None,None,1271.8113371687941,1275.4324428308755,1271.8113371687941,None,1275.7225954271853,None,1275.7224006391596,1275.832426590845,,,,,,,,,,,,,,,,,,,,,,,,162,1,2024_Feb_07_1325,Cognition2_FullCode1,2021.2.3,99.98276968329682,
,,,,,,,,,,,,,,,,,,,,,,,,,,,,,,,,,,,,,,,,,,,,,,,,,,,,/Users/shamslab/Desktop/Cognition2_FullExperimentFile/conditionFiles_SRT/162_bisensoryblock.csv,B,205,,,,,,,,,,,,,0,2,2,2,0,18,18,6,,,,,,,,,,,,,,,,,,,,,,,,,,,,,,,,,,,,,,,,,,,,,,,,,,,,,,,,,,,,,,,,,,,,,,,,,,,,,,,,,,,,,,,,,,,,,,,,,,,,,,,,,,,,,,,,,,,,,,,,,,,1276.0225196587853,None,1279.573605056852,1279.5835670419037,1279.5736596202012,None,space,0.19006786355748773,1279.573605056852,None,None,1277.5231595011428,1279.5636057388037,1277.5231595011428,None,1279.8637206209823,None,1279.8636330025736,1279.9735398530029,,,,,,,,,,,,,,,,,,,,,,,,162,1,2024_Feb_07_1325,Cognition2_FullCode1,2021.2.3,99.98276968329682,
,,,,,,,,,,,,,,,,,,,,,,,,,,,,,,,,,,,,,,,,,,,,,,,,,,,,/Users/shamslab/Desktop/Cognition2_FullExperimentFile/conditionFiles_SRT/162_bisensoryblock.csv,B,250,,,,,,,,,,,,,0,2,2,2,0,19,19,10,,,,,,,,,,,,,,,,,,,,,,,,,,,,,,,,,,,,,,,,,,,,,,,,,,,,,,,,,,,,,,,,,,,,,,,,,,,,,,,,,,,,,,,,,,,,,,,,,,,,,,,,,,,,,,,,,,,,,,,,,,,1280.1636993759312,None,1284.1649245191365,1284.1747960778885,1284.164887399366,None,space,0.1827192292548716,1284.1649245191365,None,None,1281.6643294920214,1284.1548335179687,1281.6643294920214,None,1284.4549268898554,None,1284.454944411246,1284.5650417520665,,,,,,,,,,,,,,,,,,,,,,,,162,1,2024_Feb_07_1325,Cognition2_FullCode1,2021.2.3,99.98276968329682,
,,,,,,,,,,,,,,,,,,,,,,,,,,,,,,,,,,,,,,,,,,,,,,,,,,,,/Users/shamslab/Desktop/Cognition2_FullExperimentFile/conditionFiles_SRT/162_bisensoryblock.csv,B,127,,,,,,,,,,,,,0,2,2,2,0,20,20,23,,,,,,,,,,,,,,,,,,,,,,,,,,,,,,,,,,,,,,,,,,,,,,,,,,,,,,,,,,,,,,,,,,,,,,,,,,,,,,,,,,,,,,,,,,,,,,,,,,,,,,,,,,,,,,,,,,,,,,,,,,,1284.7550528179854,None,1287.525928420946,1287.5358316469938,1287.525820846157,None,space,0.22968989703804255,1287.525928420946,None,None,1286.2554932739586,1287.5157669647597,1286.2554932739586,None,1287.8559042448178,None,1287.8558591003064,1287.9658294748515,,,,,,,,,,,,,,,,,,,,,,,,162,1,2024_Feb_07_1325,Cognition2_FullCode1,2021.2.3,99.98276968329682,
,,,,,,,,,,,,,,,,,,,,,,,,,,,,,,,,,,,,,,,,,,,,,,,,,,,,/Users/shamslab/Desktop/Cognition2_FullExperimentFile/conditionFiles_SRT/162_bisensoryblock.csv,B,251,,,,,,,,,,,,,0,2,2,2,0,21,21,19,,,,,,,,,,,,,,,,,,,,,,,,,,,,,,,,,,,,,,,,,,,,,,,,,,,,,,,,,,,,,,,,,,,,,,,,,,,,,,,,,,,,,,,,,,,,,,,,,,,,,,,,,,,,,,,,,,,,,,,,,,,1288.1561171440408,None,1292.1671531870961,1292.1770553868264,1292.1672058472875,None,space,0.22850756673142314,1292.1671531870961,None,None,1289.6564429248683,1292.15715196589,1289.6564429248683,None,1292.4972525867634,None,1292.4973051491659,1292.6072605168447,,,,,,,,,,,,,,,,,,,,,,,,162,1,2024_Feb_07_1325,Cognition2_FullCode1,2021.2.3,99.98276968329682,
,,,,,,,,,,,,,,,,,,,,,,,,,,,,,,,,,,,,,,,,,,,,,,,,,,,,/Users/shamslab/Desktop/Cognition2_FullExperimentFile/conditionFiles_SRT/162_bisensoryblock.csv,B,154,,,,,,,,,,,,,0,2,2,2,0,22,22,29,,,,,,,,,,,,,,,,,,,,,,,,,,,,,,,,,,,,,,,,,,,,,,,,,,,,,,,,,,,,,,,,,,,,,,,,,,,,,,,,,,,,,,,,,,,,,,,,,,,,,,,,,,,,,,,,,,,,,,,,,,,1292.7973844320513,None,1295.838227813132,1295.8482020781375,1295.838202429423,None,space,0.16534851677715778,1295.838227813132,None,None,1294.2977889217436,1295.8281485480256,1294.2977889217436,None,1296.10828175582,None,1296.1082425852771,1296.2182896370068,,,,,,,,,,,,,,,,,,,,,,,,162,1,2024_Feb_07_1325,Cognition2_FullCode1,2021.2.3,99.98276968329682,
,,,,,,,,,,,,,,,,,,,,,,,,,,,,,,,,,,,,,,,,,,,,,,,,,,,,/Users/shamslab/Desktop/Cognition2_FullExperimentFile/conditionFiles_SRT/162_bisensoryblock.csv,B,288,,,,,,,,,,,,,0,2,2,2,0,23,23,11,,,,,,,,,,,,,,,,,,,,,,,,,,,,,,,,,,,,,,,,,,,,,,,,,,,,,,,,,,,,,,,,,,,,,,,,,,,,,,,,,,,,,,,,,,,,,,,,,,,,,,,,,,,,,,,,,,,,,,,,,,,1296.4083580011502,None,1300.7896104650572,1300.7996875308454,1300.7895298054907,None,space,0.17396248783916235,1300.7896104650572,None,None,1297.9088894408196,1300.7794759240933,1297.9088894408196,None,1301.0696828770451,None,1301.0696639115456,1301.179609733168,,,,,,,,,,,,,,,,,,,,,,,,162,1,2024_Feb_07_1325,Cognition2_FullCode1,2021.2.3,99.98276968329682,
,,,,,,,,,,,,,,,,,,,,,,,,,,,,,,,,,,,,,,,,,,,,,,,,,,,,/Users/shamslab/Desktop/Cognition2_FullExperimentFile/conditionFiles_SRT/162_bisensoryblock.csv,B,265,,,,,,,,,,,,,0,2,2,2,0,24,24,26,,,,,,,,,,,,,,,,,,,,,,,,,,,,,,,,,,,,,,,,,,,,,,,,,,,,,,,,,,,,,,,,,,,,,,,,,,,,,,,,,,,,,,,,,,,,,,,,,,,,,,,,,,,,,,,,,,,,,,,,,,,1301.369848759845,None,1305.5210926709697,1305.5310985958204,1305.521086924197,None,space,0.1544804903678596,1305.5210926709697,None,None,1302.8702836041339,1305.5110330427997,1302.8702836041339,None,1305.781030539889,None,1305.7810833644587,1305.8910471601412,,,,,,,,,,,,,,,,,,,,,,,,162,1,2024_Feb_07_1325,Cognition2_FullCode1,2021.2.3,99.98276968329682,
,,,,,,,,,,,,,,,,,,,,,,,,,,,,,,,,,,,,,,,,,,,,,,,,,,,,/Users/shamslab/Desktop/Cognition2_FullExperimentFile/conditionFiles_SRT/162_bisensoryblock.csv,B,113,,,,,,,,,,,,,0,2,2,2,0,25,25,2,,,,,,,,,,,,,,,,,,,,,,,,,,,,,,,,,,,,,,,,,,,,,,,,,,,,,,,,,,,,,,,,,,,,,,,,,,,,,,,,,,,,,,,,,,,,,,,,,,,,,,,,,,,,,,,,,,,,,,,,,,,1306.0810934118927,None,1308.7120338878594,1308.7218206198886,1308.7118754623923,None,space,0.21959704300388694,1308.7120338878594,None,None,1307.581657289993,1308.7018215809949,1307.581657289993,None,1309.0320286317728,None,1309.0319528365042,1309.141833908856,,,,,,,,,,,,,,,,,,,,,,,,162,1,2024_Feb_07_1325,Cognition2_FullCode1,2021.2.3,99.98276968329682,
,,,,,,,,,,,,,,,,,,,,,,,,,,,,,,,,,,,,,,,,,,,,,,,,,,,,/Users/shamslab/Desktop/Cognition2_FullExperimentFile/conditionFiles_SRT/162_bisensoryblock.csv,B,390,,,,,,,,,,,,,0,2,2,2,0,26,26,28,,,,,,,,,,,,,,,,,,,,,,,,,,,,,,,,,,,,,,,,,,,,,,,,,,,,,,,,,,,,,,,,,,,,,,,,,,,,,,,,,,,,,,,,,,,,,,,,,,,,,,,,,,,,,,,,,,,,,,,,,,,1309.3319559250958,None,1314.7337656561285,1314.7435032371432,1314.7335032475646,None,space,0.16580471443012357,1314.7337656561285,None,None,1310.8325360179879,1314.7234493661672,1310.8325360179879,None,1315.0036833281629,None,1315.0036227972712,1315.113557369914,,,,,,,,,,,,,,,,,,,,,,,,162,1,2024_Feb_07_1325,Cognition2_FullCode1,2021.2.3,99.98276968329682,
,,,,,,,,,,,,,,,,,,,,,,,,,,,,,,,,,,,,,,,,,,,,,,,,,,,,/Users/shamslab/Desktop/Cognition2_FullExperimentFile/conditionFiles_SRT/162_bisensoryblock.csv,B,377,,,,,,,,,,,,,0,2,2,2,0,27,27,4,,,,,,,,,,,,,,,,,,,,,,,,,,,,,,,,,,,,,,,,,,,,,,,,,,,,,,,,,,,,,,,,,,,,,,,,,,,,,,,,,,,,,,,,,,,,,,,,,,,,,,,,,,,,,,,,,,,,,,,,,,,1315.3037832179107,None,1320.5752264857292,1320.5852669300511,1320.5754426414612,None,space,0.1403421419672668,1320.5752264857292,None,None,1316.804330602754,1320.5653887600638,1316.804330602754,None,1320.8353509707376,None,1320.835277948482,1320.945265761111,,,,,,,,,,,,,,,,,,,,,,,,162,1,2024_Feb_07_1325,Cognition2_FullCode1,2021.2.3,99.98276968329682,
,,,,,,,,,,,,,,,,,,,,,,,,,,,,,,,,,,,,,,,,,,,,,,,,,,,,/Users/shamslab/Desktop/Cognition2_FullExperimentFile/conditionFiles_SRT/162_bisensoryblock.csv,B,108,,,,,,,,,,,,,0,2,2,2,0,28,28,7,,,,,,,,,,,,,,,,,,,,,,,,,,,,,,,,,,,,,,,,,,,,,,,,,,,,,,,,,,,,,,,,,,,,,,,,,,,,,,,,,,,,,,,,,,,,,,,,,,,,,,,,,,,,,,,,,,,,,,,,,,,1321.1354692280293,None,1323.7162275160663,1323.7262591389008,1323.716104860371,None,space,0.17535153590142727,1323.7162275160663,None,None,1322.6359023507684,1323.7060509789735,1322.6359023507684,None,1323.9962779409252,None,1323.9961504172068,1324.1061965487897,,,,,,,,,,,,,,,,,,,,,,,,162,1,2024_Feb_07_1325,Cognition2_FullCode1,2021.2.3,99.98276968329682,
,,,,,,,,,,,,,,,,,,,,,,,,,,,,,,,,,,,,,,,,,,,,,,,,,,,,/Users/shamslab/Desktop/Cognition2_FullExperimentFile/conditionFiles_SRT/162_bisensoryblock.csv,B,267,,,,,,,,,,,,,0,2,2,2,0,29,29,15,,,,,,,,,,,,,,,,,,,,,,,,,,,,,,,,,,,,,,,,,,,,,,,,,,,,,,,,,,,,,,,,,,,,,,,,,,,,,,,,,,,,,,,,,,,,,,,,,,,,,,,,,,,,,,,,,,,,,,,,,,,1324.2963640899397,None,1328.4675462120213,1328.4774973248132,1328.4676640964578,None,space,0.19202739000320435,1328.4675462120213,None,None,1325.7968188300729,1328.4576102150604,1325.7968188300729,None,1328.767568867188,None,1328.767552708229,1328.8774666679092,,,,,,,,,,,,,,,,,,,,,,,,162,1,2024_Feb_07_1325,Cognition2_FullCode1,2021.2.3,99.98276968329682,
,,,,,,,,,,,,,,,,,,,,,,,,,,,,,,,,,,,,,,,,,,,,,,,,,,,,/Users/shamslab/Desktop/Cognition2_FullExperimentFile/conditionFiles_SRT/162_bisensoryblock.csv,,,,,,,,,,,,,,,0,2,2,2,,,,,,,,,,,,,,,,,,,,,,,,,,,,,,,,,,,,,,,,,,,,,,,,,,,,,,,,,,,,,,,,,,,,,,,,,,,,,,,,,,,,,,,,,,,,,,,,,,,,,,,,,,,,,,,,,,,,,,,,,,,,,,,,,,,,,,,,,,,,,,,,,,,,,,,,,,,,,,,,,,,,,,,,,162,1,2024_Feb_07_1325,Cognition2_FullCode1,2021.2.3,99.98276968329682,
,,,,,,,,,,,,,,,,,,,,,,,,,,,,,,,,,,,,,,,,,,,,,,,,,,,,,,,,,,,,,,,,,,,,,,,,,,,,,,,,,,,,,,,,,,,,,,,,,,,,,,,,,,,,,,,,,,,,,,,,,,,,,,,,,,,,,,,,,,,,,,,,,,,,,,,,,,,,,,,,,,,,,,,,,,,,,,,,,,,,,,,,,,,,,,,,,,,,,,,,,,,,,,,,,,,,,,,,,13.47,1329.06769441301,None,space,6.125893176998943,1329.1576770157553,None,,,,,,,,,,,,,,,,162,1,2024_Feb_07_1325,Cognition2_FullCode1,2021.2.3,99.98276968329682,
,,,,,,,,,,,,,,,,,,,,,,,,,,,,,,,,,,,,,,,,,,,,,,,,,,,,,,,,,,,,,,,,,,,,,,,,,,,,,,,,,,,,,,,,,,,,,,,,,,,,,,,,,,,,,,,,,,,,,,,,,,,,,,,,,,,,,,,,,,,,,,,,,,,,,,,,,,,,,,,,,,,,,,,,,,,,,,,,,,,,,,,,,,,,,,,,,,,,,,,,,,,,,,,,,,,,,,,,,,,,,,,," prince
needle
candle
umpire
tunnel
puddle
tomato 
poster
market
church
window
corpse
",1335.3094686437398,None,1335.3094686437398,None,backspace,73.63010559557006,1335.3094686437398,None,,,,,,,162,1,2024_Feb_07_1325,Cognition2_FullCode1,2021.2.3,99.98276968329682,
,,,,,,,,,,,,,,,,,,,,,,,,,,,,,,,,,,,,,,,,,,,,,,,,,,,,,,,,,,,,,,,,,,,,,,,,,,,,,,,,,,,,,,,,,,,,,,,,,,,,,,,,,,,,,,,,,,,,,,,,,,,,,,,,,,,,,,,,,,,,,,,,,,,,,,,,,,,,,,,,,,,,,,,,,,,,,,,,,,,,,,,,,,,,,,,,,,,,,,,,,,,,,,,,,,,,,,,,,,,,,,,,,,,,,,,,,1455.3036823878065,None,space,4.703541005030274,1456.284091253765,None,162,1,2024_Feb_07_1325,Cognition2_FullCode1,2021.2.3,99.98276968329682,
